#multi:
,masa A,,masa B,,masa C,,masa D,,masa E,
t,pixelx,pixely,pixelx,pixely,pixelx,pixely,pixelx,pixely,pixelx,pixely
0.000,722.5,449.5,460.0,544.0,756.0,136.5,896.5,908.5,959.0,996.0
0.067,721.7,450.6,460.9,541.4,756.5,137.5,895.7,909.2,960.7,996.2
0.133,723.3,450.7,463.0,540.6,757.1,137.2,896.0,909.5,960.9,997.1
0.200,723.1,450.3,463.1,541.2,757.7,135.1,896.5,907.9,962.1,995.7
0.267,723.9,449.8,463.4,539.1,757.3,135.1,896.6,908.6,962.6,993.9
0.333,722.4,447.3,463.3,541.1,757.6,134.8,899.2,907.5,962.3,993.5
0.400,722.9,446.4,463.4,541.1,758.2,134.5,900.1,907.0,962.5,995.7
0.467,722.7,446.3,461.7,542.0,757.4,134.6,899.9,907.7,962.4,993.8
0.533,721.3,446.2,461.6,542.2,755.6,135.1,900.2,907.6,961.1,993.5
0.600,721.4,446.2,462.7,541.6,755.3,136.0,900.5,907.3,962.1,993.9
0.667,722.8,447.6,463.2,540.8,756.3,134.2,900.9,909.4,963.0,994.3
0.733,722.6,446.9,462.8,542.8,754.8,135.6,900.9,909.8,961.1,994.9
0.800,721.0,446.6,463.1,544.2,754.6,136.5,900.4,907.9,962.6,993.1
0.867,720.3,446.1,462.2,543.3,753.6,136.2,900.6,908.0,963.0,993.7
0.933,720.7,446.0,463.5,542.8,754.7,136.9,900.5,908.6,964.4,992.8
1.000,720.4,445.8,467.1,542.2,754.6,137.1,901.0,908.2,965.2,993.1
1.067,720.2,445.4,466.3,541.0,755.4,137.9,900.4,908.2,964.2,993.0
1.133,720.7,445.2,466.0,541.6,754.7,138.5,901.3,908.3,964.1,992.5
1.200,720.7,445.6,464.3,542.1,754.8,138.2,901.6,909.7,964.2,993.3
1.267,720.6,445.8,465.9,542.6,753.9,138.9,902.1,908.4,964.1,993.4
1.333,720.0,444.8,466.3,542.2,755.3,137.9,902.9,908.3,963.9,995.2
1.400,720.0,444.7,466.7,541.5,756.7,135.9,903.3,908.9,966.3,996.0
1.467,720.0,444.4,467.1,540.8,757.6,134.2,902.7,909.6,966.8,996.3
1.533,719.1,444.7,466.3,541.9,757.7,132.6,902.6,909.1,967.0,996.7
1.600,720.2,444.5,466.8,542.2,758.2,133.0,901.4,910.6,967.0,994.9
1.667,720.5,444.3,467.9,542.7,761.0,131.5,901.8,909.8,965.6,995.9
1.733,720.4,444.5,469.0,543.8,758.7,131.8,901.5,909.3,966.6,995.3
1.800,721.2,444.4,467.6,544.9,759.7,130.4,901.3,908.7,967.5,993.8
1.867,721.7,444.4,468.6,543.6,759.6,131.3,901.3,908.6,967.1,993.4
1.933,721.8,443.2,468.9,544.8,757.6,132.0,901.3,907.7,967.3,992.5
2.000,722.3,442.3,467.6,545.9,759.3,131.6,901.7,907.1,967.2,993.1
2.067,722.9,443.8,469.5,544.1,759.6,131.4,901.5,906.7,966.2,991.6
2.133,722.9,443.4,468.1,544.4,759.9,131.4,903.1,905.7,966.2,992.5
2.200,722.2,440.8,467.8,542.7,760.4,133.2,902.7,906.7,966.2,993.2
2.267,722.3,441.2,469.2,541.9,760.4,135.3,901.6,903.0,966.6,994.4
2.333,721.6,441.3,468.7,542.0,760.2,135.2,901.4,906.2,965.9,995.5
2.400,721.6,442.2,467.5,542.0,758.5,134.2,900.8,906.9,967.4,995.0
2.467,722.8,440.2,466.7,543.0,758.3,134.8,901.3,905.9,966.8,996.0
2.533,722.5,439.8,467.5,542.6,757.6,133.8,900.9,903.9,967.2,995.8
2.600,722.3,438.4,468.3,543.4,757.6,135.7,900.7,905.1,968.5,994.2
2.666,723.4,437.6,469.1,543.6,758.6,135.3,898.8,904.5,969.5,995.6
2.733,721.7,437.1,470.1,542.6,756.7,135.9,896.8,903.0,969.2,994.5
2.800,719.7,436.2,469.6,544.2,757.8,137.3,896.6,903.8,968.2,994.5
2.866,720.0,439.1,468.6,542.6,757.8,135.1,896.4,905.1,965.1,994.3
2.933,719.0,439.2,467.1,542.6,760.2,135.9,896.4,904.3,966.5,993.1
3.000,716.7,439.7,467.4,543.7,761.3,134.8,896.6,904.6,966.2,994.1
3.066,717.8,439.7,466.0,543.6,762.8,134.1,896.8,903.8,966.9,994.0
3.133,718.9,439.1,465.6,542.3,762.4,135.8,897.5,905.1,966.6,993.5
3.200,716.8,438.7,464.8,540.4,764.3,135.2,898.3,905.5,967.7,990.3
3.266,714.0,439.7,467.0,541.3,763.6,135.1,898.6,905.8,967.2,988.5
3.333,715.9,438.5,466.6,539.8,763.1,135.6,897.4,906.0,966.7,990.0
3.400,714.8,438.9,467.4,539.8,763.9,136.7,898.7,907.3,966.8,987.1
3.466,716.1,439.5,465.8,539.9,762.7,135.4,899.9,908.9,966.3,987.6
3.533,715.0,439.5,466.6,538.6,763.3,135.4,899.9,908.2,965.7,989.1
3.600,715.8,439.4,465.9,539.1,761.4,135.7,899.1,908.0,967.7,990.6
3.666,713.5,441.7,468.1,538.9,761.8,135.7,899.9,908.6,969.0,990.8
3.733,715.9,440.5,466.5,540.4,763.6,135.1,899.8,910.3,968.2,990.1
3.800,713.7,442.0,467.1,541.4,764.9,135.3,897.9,910.2,968.7,990.5
3.866,713.3,441.4,466.8,540.3,765.5,136.7,896.8,908.5,967.8,991.4
3.933,713.7,439.5,465.7,539.5,766.9,137.5,896.0,909.3,968.1,990.7
4.000,713.9,439.8,466.0,540.0,766.3,137.7,894.6,908.5,968.8,990.5
4.066,713.3,439.6,464.5,541.2,767.4,136.7,893.6,908.1,969.2,990.7
4.133,712.9,439.4,465.0,541.0,767.3,138.0,892.3,911.6,969.3,991.0
4.200,712.6,439.1,463.6,540.9,767.5,138.0,892.5,911.6,968.9,991.4
4.266,712.3,440.0,465.2,541.1,766.5,135.9,892.6,911.5,969.2,991.8
4.333,712.9,440.6,465.1,539.9,767.1,136.3,892.5,911.6,970.1,992.8
4.400,711.9,441.6,465.1,541.5,769.8,136.7,891.4,911.3,970.3,992.5
4.466,711.1,441.9,463.1,542.7,769.9,135.5,891.8,911.8,969.4,995.8
4.533,711.9,441.2,461.7,544.1,769.9,136.0,892.1,911.4,969.4,995.5
4.600,711.6,441.3,463.7,541.9,770.8,135.4,893.8,909.3,971.8,992.9
4.666,713.1,440.9,462.6,540.9,770.8,136.5,893.4,909.3,973.8,991.0
4.733,712.8,440.3,463.3,541.5,771.9,136.9,893.6,909.4,974.7,989.3
4.800,712.5,440.3,462.8,540.6,772.7,137.3,893.3,909.5,974.5,991.7
4.866,712.1,440.4,462.9,541.6,772.5,138.4,893.8,910.8,975.3,992.1
4.933,712.1,439.9,464.1,542.2,772.8,137.8,893.5,910.4,977.1,991.4
5.000,711.0,440.0,463.5,543.0,773.4,138.7,892.5,910.8,977.1,991.3
5.066,711.7,442.6,462.4,542.0,774.3,140.1,892.3,910.7,975.8,990.3
5.133,712.5,443.2,464.2,542.0,772.8,140.7,893.0,912.5,976.0,990.8
5.200,710.7,443.8,462.7,542.6,772.6,139.2,893.4,910.8,976.3,991.6
5.266,709.6,441.6,462.6,542.7,772.8,138.6,893.3,908.0,976.4,992.2
5.333,707.4,440.3,462.7,542.7,771.3,138.3,892.5,908.3,976.7,991.4
5.400,707.6,441.0,463.6,543.5,772.6,137.8,893.6,906.5,976.5,991.4
5.466,707.1,441.1,464.0,543.8,772.4,137.6,892.3,908.5,976.2,992.5
5.533,706.1,440.4,464.9,544.9,772.8,137.2,890.1,907.1,975.7,990.5
5.600,705.3,439.4,465.1,545.6,772.9,137.1,890.1,908.2,976.3,991.3
5.666,706.3,438.2,466.1,547.2,774.0,137.7,891.6,909.4,976.8,989.9
5.733,705.3,438.0,466.4,548.0,772.4,136.9,888.8,910.4,976.6,989.8
5.800,706.7,439.4,467.0,548.0,773.2,135.4,889.0,909.2,975.7,992.2
5.866,707.0,437.9,468.3,548.9,772.9,135.4,889.1,908.7,976.7,990.9
5.933,707.1,437.8,467.8,548.7,773.4,136.0,889.4,908.8,976.3,990.7
6.000,705.9,439.0,469.7,549.9,772.5,135.9,889.6,908.0,976.2,990.6
6.066,706.3,440.0,467.4,550.9,773.5,135.1,885.5,906.0,975.8,991.2
6.133,705.8,439.5,467.7,548.0,775.4,136.1,884.4,905.4,975.0,990.8
6.200,706.1,439.4,467.1,548.1,776.8,135.7,884.6,904.5,975.7,989.8
6.266,705.5,439.6,466.0,547.2,777.0,135.6,884.0,904.0,976.2,989.3
6.333,706.0,440.1,465.1,547.5,777.5,134.6,883.2,903.7,975.5,989.9
6.400,706.7,440.7,463.8,546.5,778.2,134.3,884.3,904.6,975.2,991.2
6.466,706.3,441.9,464.3,547.2,779.0,134.1,884.2,907.3,975.1,991.5
6.533,706.3,441.3,465.0,548.1,779.6,136.1,884.3,907.0,974.4,992.7
6.600,707.1,440.8,464.6,547.4,779.7,136.4,884.3,907.5,974.1,993.0
6.666,709.2,440.0,464.6,548.0,780.2,135.9,885.0,907.7,974.1,992.6
6.733,710.3,439.7,464.1,548.2,780.5,137.1,884.2,908.6,974.2,993.1
6.800,709.3,439.4,462.3,548.4,779.7,137.3,884.5,908.9,975.6,994.8
6.866,708.2,436.5,462.8,550.0,779.1,137.7,886.4,908.4,976.9,994.0
6.933,709.3,435.9,462.9,550.1,779.5,136.4,885.8,906.9,976.2,992.8
7.000,706.7,438.2,462.9,551.5,778.4,135.5,887.0,907.5,975.7,992.8
7.066,705.7,435.5,462.1,552.5,781.3,135.4,889.0,909.3,973.9,991.9
7.133,706.4,435.3,463.7,552.8,780.7,134.9,889.7,908.7,974.1,990.6
7.200,705.7,434.7,464.1,552.0,780.3,134.3,889.1,911.6,975.1,990.0
7.266,707.1,435.7,463.3,552.7,780.2,134.1,889.8,912.1,975.7,991.1
7.333,708.3,435.3,461.9,554.0,780.2,135.2,890.3,912.1,973.9,990.2
7.400,708.7,435.4,462.7,554.9,778.8,134.4,890.8,912.4,974.9,991.1
7.466,709.6,436.0,461.3,556.3,778.1,133.8,891.7,913.5,976.0,992.4
7.533,708.1,435.8,461.7,557.1,778.6,132.5,891.6,913.6,977.1,991.6
7.599,707.9,436.5,460.4,556.9,778.4,132.5,893.0,915.5,977.2,993.0
7.666,706.6,437.0,461.3,556.1,778.5,132.1,893.8,916.2,976.8,993.3
7.733,704.6,437.8,460.6,557.1,776.6,132.1,892.1,914.9,978.3,992.5
7.799,705.3,437.9,461.4,556.7,775.3,131.9,892.8,915.7,978.9,990.5
7.866,705.2,436.7,460.2,555.5,775.3,130.9,893.8,915.9,979.2,990.0
7.933,705.1,436.6,458.3,555.6,775.3,131.3,894.6,914.8,978.0,990.6
7.999,706.1,437.1,459.4,554.1,777.0,131.9,894.9,915.5,977.1,992.2
8.066,705.8,437.9,458.9,554.3,776.0,132.7,893.9,915.3,976.8,991.9
8.133,708.0,438.7,460.2,554.9,775.8,132.7,893.6,914.3,977.4,991.8
8.199,708.7,439.4,460.3,555.5,775.7,132.4,895.6,914.7,977.3,993.1
8.266,707.3,440.3,459.7,556.0,775.4,133.9,894.5,915.0,978.5,993.8
8.333,707.4,439.3,460.5,555.0,774.7,135.2,894.0,913.3,978.8,992.5
8.399,707.6,438.8,460.5,556.6,775.2,136.1,894.2,910.3,978.5,992.6
8.466,708.1,441.6,460.8,555.2,774.8,136.4,894.8,909.8,978.8,992.0
8.533,708.7,442.0,459.5,553.9,774.4,136.6,892.9,912.0,978.6,992.1
8.599,709.1,441.4,459.2,554.1,774.3,136.7,892.4,914.2,979.6,992.4
8.666,708.8,441.4,458.4,553.0,774.5,134.9,891.4,912.3,980.4,992.7
8.733,708.9,441.2,458.7,553.3,774.7,132.5,891.0,911.5,980.2,993.4
8.799,708.3,440.6,458.6,553.4,773.0,133.8,892.7,912.9,979.3,995.0
8.866,709.5,440.6,458.5,553.9,772.7,132.0,895.9,911.9,977.6,996.0
8.933,709.9,441.1,456.9,554.0,772.4,130.6,893.3,910.9,978.0,996.1
8.999,710.6,439.6,459.3,554.1,772.5,130.0,894.5,910.9,978.5,995.3
9.066,710.5,439.0,458.7,553.7,772.0,131.0,893.9,910.6,978.3,994.3
9.133,707.2,437.3,460.3,553.2,773.1,130.9,894.0,908.6,977.9,991.8
9.199,707.2,438.3,461.3,552.6,771.3,128.8,892.7,907.4,976.8,991.4
9.266,706.7,439.4,461.2,553.3,772.9,128.7,892.1,906.5,978.4,993.8
9.333,707.8,437.7,461.2,552.8,773.6,128.7,893.5,907.7,978.2,992.2
9.399,708.0,439.4,462.3,554.4,772.2,127.8,893.7,907.8,978.1,992.0
9.466,709.5,439.8,461.8,554.7,772.0,125.4,893.8,908.3,977.2,992.6
9.533,709.2,440.2,461.1,554.1,771.1,124.9,893.9,908.2,977.7,993.0
9.599,710.0,438.2,462.0,554.8,772.1,124.4,893.4,908.6,977.1,991.3
9.666,709.6,438.5,462.4,553.1,772.2,124.3,894.5,910.3,977.6,990.9
9.733,709.9,437.7,462.5,552.8,772.7,124.1,896.0,908.4,978.2,991.4
9.799,711.3,438.6,462.0,553.1,773.0,125.6,895.1,907.9,978.7,990.6
9.866,710.8,439.5,461.0,551.7,772.1,125.4,897.1,908.7,979.6,991.2
9.933,710.2,440.1,462.2,551.5,773.0,126.5,897.7,909.5,979.3,991.5
9.999,708.9,439.8,464.8,553.1,773.7,125.8,898.2,909.9,978.7,991.0
10.066,707.9,438.5,465.1,552.9,773.4,124.7,897.6,910.4,979.5,990.5
10.133,708.3,437.7,464.8,554.4,773.4,124.5,898.7,912.4,980.7,991.9
10.199,707.6,437.8,465.7,552.2,773.0,124.1,895.8,911.9,982.7,990.8
10.266,708.0,436.3,464.6,551.4,772.5,124.8,896.4,913.6,983.0,990.9
10.333,706.3,436.8,465.9,552.1,772.5,124.9,897.4,912.8,982.8,991.2
10.399,707.0,439.6,464.6,552.3,771.8,124.9,896.7,913.3,983.3,990.9
10.466,707.4,440.4,464.2,552.1,772.4,123.9,896.2,911.8,981.5,991.3
10.533,708.4,440.5,463.6,552.8,774.0,123.3,896.7,912.4,981.1,990.8
10.599,707.2,438.3,462.3,552.9,773.2,123.6,898.2,912.3,981.0,991.5
10.666,707.3,438.8,461.0,554.1,773.8,124.0,898.4,911.0,982.4,993.4
10.733,707.7,439.2,462.3,553.6,773.0,123.7,898.1,910.3,982.3,992.7
10.799,707.5,439.6,462.0,553.1,773.5,122.1,899.0,910.8,982.9,992.2
10.866,706.9,440.6,463.4,551.1,772.4,123.6,898.6,911.2,981.0,994.9
10.933,706.6,441.1,463.8,552.0,772.7,124.6,897.5,910.8,983.1,995.1
10.999,705.9,441.6,462.5,551.0,771.8,123.3,896.5,910.0,983.4,995.3
11.066,705.9,441.9,462.8,549.9,769.8,122.8,897.5,909.3,984.7,994.6
11.133,708.6,441.1,462.8,550.2,769.0,125.3,897.0,909.1,987.0,996.8
11.199,707.6,442.8,461.6,548.6,769.7,125.3,896.1,907.7,986.6,995.9
11.266,707.7,444.6,462.1,549.2,769.2,125.6,896.4,907.1,986.3,996.0
11.333,708.9,447.7,462.0,550.2,769.0,123.9,896.9,908.4,984.8,995.2
11.399,708.9,447.5,463.7,549.8,768.6,122.6,895.2,910.3,984.4,996.0
11.466,710.0,448.4,464.1,550.0,768.0,124.5,894.6,910.0,984.8,996.0
11.533,710.5,448.8,463.1,549.1,767.7,123.9,894.9,910.1,984.0,994.8
11.599,710.7,447.5,462.2,549.5,768.2,122.3,894.8,910.3,982.6,995.0
11.666,712.9,447.4,463.1,550.0,767.4,122.4,895.6,911.8,984.3,993.4
11.733,713.6,446.5,463.4,550.4,767.7,123.7,897.2,911.9,984.1,993.3
11.799,711.7,446.9,462.8,550.4,766.3,123.1,897.0,912.7,983.0,992.0
11.866,711.2,447.0,462.3,551.5,765.7,124.0,896.5,912.7,982.7,991.4
11.933,711.1,446.0,461.7,550.3,765.5,124.5,897.1,912.9,982.4,990.1
11.999,710.3,445.3,461.2,549.7,766.6,125.6,897.9,912.8,980.9,991.7
12.066,709.5,445.3,459.5,549.0,765.7,124.8,897.9,912.5,980.7,991.6
12.133,708.7,444.5,459.5,549.4,766.0,124.3,897.5,913.1,980.7,991.5
12.199,709.5,444.7,460.0,548.9,767.2,125.0,899.2,913.3,981.3,990.9
12.266,707.5,444.6,460.4,550.0,767.0,125.4,899.2,911.2,982.0,991.3
12.333,707.4,443.5,460.2,549.9,765.4,124.6,901.3,910.6,982.8,990.6
12.399,706.5,440.9,460.3,549.8,765.3,125.4,902.2,910.6,983.2,991.4
12.466,707.6,439.3,460.1,549.8,765.3,124.1,900.7,912.7,983.1,992.0
12.532,707.2,439.1,459.7,550.0,766.2,124.4,900.7,912.7,981.5,991.6
12.599,706.9,440.0,460.0,549.8,766.3,125.1,900.8,914.2,982.9,993.4
12.666,706.9,439.3,461.9,549.6,767.3,126.3,900.3,914.1,983.6,994.2
12.732,707.2,439.0,462.6,549.4,767.9,125.8,900.2,914.2,984.1,993.8
12.799,707.8,439.9,462.3,550.3,766.6,125.2,901.0,914.0,983.8,994.4
12.866,709.2,441.2,463.9,550.7,766.7,124.8,901.0,914.2,984.4,992.2
12.932,709.1,442.2,464.4,552.7,766.6,123.5,902.9,912.6,984.1,991.6
12.999,708.9,444.0,464.9,552.1,765.5,123.0,905.1,912.3,984.8,993.7
13.066,708.0,443.4,464.1,551.6,766.2,121.0,903.3,910.3,984.3,994.3
13.132,709.2,445.4,466.5,551.7,764.8,121.8,902.7,910.3,984.4,994.2
13.199,709.1,446.0,467.5,551.2,765.0,121.6,902.9,909.0,983.8,993.2
13.266,710.7,444.1,467.0,552.1,764.9,121.7,901.6,909.4,985.5,995.0
13.332,709.9,442.7,467.8,551.7,765.4,120.8,902.2,909.0,984.1,994.4
13.399,709.8,443.1,466.7,551.5,765.6,121.8,901.2,909.2,983.7,994.0
13.466,709.9,443.8,466.9,549.6,766.2,120.4,900.7,910.7,984.3,993.7
13.532,708.7,442.3,468.5,549.8,768.2,120.3,900.8,909.5,984.4,993.4
13.599,708.9,440.7,469.3,549.4,767.8,122.0,901.2,909.5,983.6,992.7
13.666,709.1,440.7,468.7,548.0,767.7,121.3,902.3,909.9,983.8,993.8
13.732,707.9,439.2,467.3,547.6,767.9,121.9,902.3,910.0,984.4,993.8
13.799,707.5,438.8,465.2,546.8,768.7,121.1,902.6,912.1,984.3,993.1
13.866,707.2,439.3,465.2,548.3,769.4,121.3,901.9,911.1,985.6,993.5
13.932,706.7,438.7,463.1,545.6,770.5,120.4,901.1,910.6,986.4,993.5
13.999,707.4,438.6,462.8,545.6,770.0,120.3,903.5,909.2,986.8,993.9
14.066,706.6,439.7,465.4,543.5,770.2,120.0,901.2,907.9,986.3,994.2
14.132,706.4,438.1,465.9,544.3,770.6,120.5,901.3,907.4,985.6,994.5
14.199,704.8,442.0,466.7,542.6,770.6,118.8,902.2,907.3,985.7,995.5
14.266,705.4,439.5,467.2,543.3,768.6,119.4,902.5,907.3,985.5,993.8
14.332,706.3,439.9,467.0,545.4,769.3,121.6,900.3,908.2,985.0,994.8
14.399,705.9,439.8,465.3,545.1,769.2,121.1,899.3,908.1,984.4,996.3
14.466,705.9,440.3,466.6,546.3,768.5,121.0,898.7,905.7,983.8,996.0
14.532,706.1,440.2,466.0,544.6,768.1,122.0,897.9,905.1,983.9,998.8
14.599,706.9,441.4,464.6,546.2,767.2,122.3,898.6,907.0,984.0,1.001E3
14.666,707.9,439.8,464.8,544.8,768.5,122.7,899.2,907.8,984.3,1.002E3
14.732,708.9,439.7,466.9,545.5,766.4,122.0,899.5,908.2,984.6,1.001E3
14.799,711.4,440.3,463.7,546.1,766.9,121.4,899.6,909.4,985.0,1.001E3
14.866,711.0,441.5,464.1,547.4,766.7,121.7,898.5,909.1,986.8,1.003E3
14.932,710.3,441.5,464.5,546.9,767.8,121.2,898.4,911.3,986.9,1.003E3
14.999,712.7,440.9,462.9,547.5,768.3,120.5,897.7,911.4,987.6,1.004E3
15.066,714.5,441.4,466.3,549.7,767.7,119.9,896.8,911.3,990.1,1.005E3
15.132,715.2,441.8,463.8,548.7,766.5,120.0,898.3,910.6,989.9,1.004E3
15.199,715.7,440.5,462.6,549.8,765.7,120.3,898.8,911.6,990.8,1.006E3
15.266,716.9,443.7,463.9,548.7,766.5,119.8,899.5,910.1,989.1,1.007E3
15.332,714.3,445.6,464.5,549.5,765.7,118.9,898.2,910.8,991.1,1.008E3
15.399,712.1,445.6,462.9,549.4,766.1,118.5,899.0,912.2,990.6,1.008E3
15.466,712.4,443.6,463.0,547.4,766.7,119.0,899.2,912.4,991.1,1.008E3
15.532,711.8,443.7,462.1,547.6,766.3,119.3,899.2,912.1,991.4,1.008E3
15.599,713.2,443.8,462.2,548.3,766.3,119.4,899.4,912.2,991.0,1.006E3
15.666,712.0,443.1,463.6,548.2,766.3,118.5,899.4,911.3,991.3,1.006E3
15.732,711.5,444.0,464.8,550.3,767.1,118.5,898.4,911.2,991.7,1.004E3
15.799,710.8,442.9,464.9,550.2,768.2,119.5,898.5,911.2,991.8,1.006E3
15.866,711.0,441.0,467.2,550.4,768.8,118.7,896.1,912.1,991.9,1.005E3
15.932,710.6,441.4,463.6,551.1,767.2,117.6,897.7,913.7,992.5,1.006E3
15.999,709.6,442.8,463.6,550.6,766.4,119.7,897.1,914.2,993.3,1.004E3
16.066,710.8,442.5,462.9,551.2,765.6,120.7,896.2,914.0,993.5,1.005E3
16.132,711.6,442.2,464.7,552.2,767.7,122.5,896.8,914.0,991.5,1.005E3
16.199,713.0,443.4,465.6,551.8,767.7,123.8,896.3,912.9,990.1,1.004E3
16.266,712.9,444.3,463.9,550.5,768.9,122.0,896.9,913.7,991.7,1.004E3
16.332,713.0,444.0,465.6,549.5,767.4,122.3,897.8,913.2,990.6,1.004E3
16.399,710.6,445.6,464.7,549.2,768.0,122.5,896.7,915.4,991.0,1.001E3
16.466,710.5,444.5,465.0,549.3,765.7,121.3,897.9,915.5,992.6,999.9
16.532,711.0,446.7,464.2,547.8,765.6,122.3,895.9,916.7,991.2,999.4
16.599,709.2,445.9,461.0,548.0,765.8,122.7,894.3,916.9,991.4,998.7
16.666,708.3,446.3,461.8,548.6,765.9,122.2,896.5,919.1,991.2,997.0
16.732,707.7,445.0,462.8,550.0,766.2,122.7,897.1,919.0,989.5,997.6
16.799,706.9,443.6,462.3,550.3,766.7,122.4,899.0,918.5,988.4,997.9
16.866,708.0,444.2,461.6,548.0,767.4,123.1,897.1,918.9,988.5,997.5
16.932,707.7,444.1,462.4,549.4,769.4,121.8,896.9,918.6,988.3,997.0
16.999,709.0,445.3,461.9,550.6,769.0,121.3,896.6,919.3,988.0,997.2
17.066,709.2,444.7,461.5,550.6,768.8,122.1,895.0,918.4,987.9,998.0
17.132,709.1,444.5,462.1,552.3,768.3,122.2,894.9,918.0,989.0,997.4
17.199,709.4,445.5,461.8,551.5,768.8,122.0,894.3,919.0,990.2,999.1
17.266,709.1,445.9,462.4,551.2,768.4,122.2,895.7,918.8,989.9,998.5
17.332,709.0,446.3,462.1,551.5,769.7,123.4,894.6,919.0,990.0,999.0
17.399,709.1,445.6,462.9,551.8,768.7,122.2,896.0,917.2,991.1,997.4
17.466,709.1,446.6,462.0,551.3,769.0,123.3,896.9,917.7,990.0,997.9
17.532,708.4,446.7,461.4,551.1,769.4,122.2,895.2,916.9,989.1,997.8
17.599,708.3,446.2,460.6,550.1,770.0,120.3,895.2,916.9,989.9,998.1
17.665,709.8,445.1,463.1,550.0,769.5,120.5,895.6,916.1,990.0,997.4
17.732,710.9,444.4,462.6,549.9,769.9,119.2,896.2,919.6,990.5,998.7
17.799,710.7,443.2,461.3,551.3,769.8,119.6,894.2,919.4,990.2,999.8
17.865,712.2,442.5,461.9,550.0,767.6,119.8,894.6,919.7,990.2,1.000E3
17.932,711.0,444.3,462.7,551.5,766.6,120.0,893.6,919.2,988.5,1.001E3
17.999,711.0,443.8,461.6,551.3,766.4,121.6,894.5,918.4,987.9,999.7
18.065,711.1,445.0,461.7,550.5,766.3,121.4,896.2,919.0,988.5,999.1
18.132,711.8,446.3,461.8,552.2,765.8,122.4,895.5,918.8,988.4,1.001E3
18.199,712.0,445.3,462.0,553.0,766.3,121.9,895.0,918.9,990.7,1.001E3
18.265,712.0,445.8,461.7,552.6,766.4,121.5,895.4,919.3,990.4,1.001E3
18.332,709.5,446.7,461.6,551.6,765.9,120.5,896.2,918.9,991.3,999.7
18.399,711.7,447.1,461.5,551.2,765.9,121.0,897.1,917.1,992.0,999.6
18.465,710.2,447.7,459.4,549.4,765.4,120.3,897.7,917.4,992.9,999.9
18.532,711.5,447.3,457.4,548.9,766.2,120.5,897.1,917.2,993.0,1.000E3
18.599,710.7,447.4,457.4,548.2,765.3,119.8,899.3,916.8,994.2,999.0
18.665,712.5,448.3,459.7,547.5,764.4,119.1,898.9,917.0,993.8,998.5
18.732,712.7,446.5,461.4,548.8,764.9,119.2,897.5,917.0,995.8,998.1
18.799,714.7,446.9,460.8,548.8,765.1,120.4,897.5,915.7,996.3,997.8
18.865,714.6,448.4,462.4,550.4,767.1,120.5,898.6,915.6,997.1,997.9
18.932,715.1,449.6,461.8,550.7,768.9,120.3,898.7,916.2,997.4,998.2
18.999,713.4,449.9,460.0,551.2,768.3,120.1,899.7,917.1,996.9,997.0
19.065,713.6,450.2,458.8,551.5,767.2,121.4,898.7,917.8,997.1,996.7
19.132,713.0,450.6,458.0,550.9,766.1,122.8,897.8,918.4,996.6,997.6
19.199,711.3,450.1,457.0,548.0,766.1,122.2,897.7,917.9,1000.0,997.2
19.265,710.7,450.0,454.5,549.6,766.9,123.2,896.5,919.7,1.001E3,994.3
19.332,712.0,450.4,452.2,548.7,766.8,124.4,897.6,918.5,1.001E3,995.5
19.399,710.9,452.4,449.7,547.4,766.9,124.7,896.7,917.8,1.001E3,996.3
19.465,708.0,452.2,448.4,546.1,768.1,126.1,895.3,916.3,999.4,996.6
19.532,709.3,451.1,446.8,547.2,768.0,127.2,896.6,916.0,996.4,995.6
19.599,708.7,451.0,446.9,547.1,768.3,127.9,895.7,916.5,994.5,996.2
19.665,706.4,451.2,447.2,548.5,766.7,128.1,895.7,916.3,993.0,996.6
19.732,705.7,449.9,447.2,547.8,765.1,130.5,894.9,916.1,991.7,997.2
19.799,705.4,449.8,447.5,548.1,763.5,131.6,893.8,917.1,991.9,998.6
19.865,704.8,448.8,448.5,548.4,764.0,130.9,892.3,918.1,992.7,999.5
19.932,705.6,449.2,447.1,548.7,763.3,131.0,893.6,919.4,993.3,998.2
19.999,706.8,449.6,447.4,548.9,761.9,131.8,894.5,919.2,994.3,997.0
20.065,704.9,448.7,448.1,550.1,761.4,131.4,894.0,918.9,995.2,995.9
20.132,704.3,449.3,447.3,551.4,762.8,131.1,893.6,919.4,993.6,996.3
20.199,704.6,447.5,447.2,550.8,764.7,131.7,894.4,918.8,992.7,996.8
20.265,705.9,447.4,448.7,552.6,763.9,130.3,894.2,919.4,992.8,997.1
20.332,706.8,447.6,450.7,552.3,763.7,131.1,893.9,920.4,994.6,997.3
20.399,707.0,447.8,451.1,551.8,764.4,132.8,894.9,922.1,995.6,996.0
20.465,707.5,447.8,452.7,553.9,763.9,132.8,894.8,921.8,997.2,994.8
20.532,706.1,450.1,451.0,554.8,763.9,134.1,893.8,921.2,994.8,994.0
20.599,704.9,449.0,451.1,555.0,762.6,134.6,893.2,920.1,995.1,994.6
20.665,706.8,449.1,450.7,554.6,761.6,134.1,893.3,920.5,993.1,994.4
20.732,708.6,449.0,449.3,555.3,762.9,134.1,894.6,920.0,995.8,993.4
20.799,709.6,447.7,449.5,555.8,762.5,134.5,894.7,921.0,995.9,992.6
20.865,708.4,446.5,450.5,558.0,762.4,133.5,895.4,922.2,997.7,993.3
20.932,709.6,447.4,449.8,557.7,763.3,133.7,895.5,921.7,997.9,992.4
20.999,709.5,447.2,450.6,557.5,763.9,134.8,894.5,921.9,996.3,990.0
21.065,709.5,446.7,454.1,557.9,764.3,135.8,894.4,921.2,996.4,990.7
21.132,709.4,446.0,453.9,557.1,764.6,134.7,894.0,920.7,996.6,989.9
21.199,708.2,445.0,454.5,555.9,765.8,134.2,892.6,921.0,995.1,989.7
21.265,710.3,444.9,454.4,555.8,763.8,133.8,892.3,921.6,996.4,990.2
21.332,708.8,445.0,454.8,555.0,763.3,132.5,891.4,921.4,997.1,990.1
21.399,708.9,445.0,454.8,554.5,762.0,131.5,892.3,921.6,996.3,990.6
21.465,709.9,444.4,455.8,554.2,760.7,131.1,892.1,922.1,994.9,989.9
21.532,709.6,446.4,455.6,555.1,760.9,132.4,892.2,921.5,997.0,991.1
21.599,709.4,445.6,455.7,555.0,761.3,134.6,891.5,920.9,997.4,989.4
21.665,708.0,447.0,455.6,555.3,762.3,133.9,891.3,921.5,998.6,989.4
21.732,710.0,449.6,456.8,556.8,762.7,133.2,890.3,921.9,1.001E3,988.9
21.799,707.3,451.1,456.9,556.8,762.1,136.2,890.7,922.7,1.001E3,988.9
21.865,707.3,451.7,456.9,556.6,761.5,136.9,890.7,923.3,1.002E3,987.9
21.932,708.4,451.8,456.1,557.4,762.3,137.5,890.7,922.9,1.001E3,988.1
21.999,706.2,452.0,454.8,555.9,762.9,137.8,890.5,924.0,1.000E3,987.1
22.065,706.2,452.6,455.1,555.9,762.8,137.3,889.7,923.8,1.003E3,986.8
22.132,706.2,453.0,457.5,555.8,762.0,136.3,889.4,924.4,1.002E3,984.1
22.199,707.4,450.4,456.3,556.3,762.3,135.7,889.2,923.6,1.003E3,982.6
22.265,709.4,447.9,455.1,556.3,762.2,135.7,889.5,924.5,1.000E3,983.8
22.332,711.6,447.4,454.6,556.8,763.3,135.6,889.8,924.0,999.3,984.4
22.399,714.7,444.5,456.0,555.8,763.9,136.0,889.3,926.4,998.8,983.2
22.465,713.6,444.9,455.6,556.3,765.2,134.8,887.7,926.1,999.3,983.0
22.532,711.6,445.7,457.1,556.8,763.1,133.3,889.1,926.0,999.0,982.6
22.598,712.0,447.0,458.5,557.1,762.9,134.2,889.7,926.1,999.3,980.7
22.665,711.9,446.1,456.6,555.9,761.4,134.8,888.2,926.1,999.1,981.6
22.732,710.9,445.8,456.5,556.2,762.3,133.8,889.7,925.3,1.001E3,980.5
22.798,711.3,444.9,456.7,556.1,763.5,132.6,888.9,925.9,1.001E3,981.8
22.865,712.1,443.5,457.6,556.0,764.6,132.8,888.6,926.9,1.001E3,979.4
22.932,713.7,445.2,456.6,554.8,763.9,131.5,888.4,927.7,1.003E3,980.4
22.998,715.3,445.9,455.5,554.3,763.3,130.4,890.4,926.2,1.002E3,980.7
23.065,714.3,445.0,454.5,555.4,764.0,129.2,890.8,925.5,1.000E3,980.6
23.132,716.1,443.5,455.1,554.7,763.2,129.6,890.4,924.9,1.002E3,980.7
23.198,715.0,445.2,455.0,554.6,761.8,129.9,890.9,925.3,1.002E3,981.7
23.265,716.6,445.2,455.5,555.4,764.5,130.0,890.7,923.9,1.001E3,978.0
23.332,716.8,445.2,454.9,555.6,766.0,130.6,889.9,925.2,998.5,977.4
23.398,715.0,444.2,454.5,556.7,766.3,129.0,889.5,924.9,998.9,977.3
23.465,714.8,443.5,453.7,557.2,765.8,128.7,888.8,926.1,997.4,977.4
23.532,713.1,443.6,452.4,557.3,764.7,128.1,887.8,924.6,996.5,977.1
23.598,712.0,444.3,452.1,557.4,766.9,128.4,888.3,925.4,997.7,976.7
23.665,713.1,444.0,450.7,557.9,767.0,127.1,888.9,924.6,995.5,975.2
23.732,713.5,443.6,451.1,556.8,768.8,127.7,887.8,925.0,996.2,975.3
23.798,711.9,443.8,451.4,556.6,768.8,127.2,887.5,925.1,997.2,976.1
23.865,711.8,443.1,450.8,555.7,769.5,127.5,887.3,926.0,997.3,975.7
23.932,714.6,442.2,450.6,555.4,771.5,127.7,888.6,924.4,997.6,975.5
23.998,714.3,442.2,450.6,555.9,773.4,125.9,888.2,924.6,997.7,973.7
24.065,714.8,443.2,452.3,555.4,772.8,124.6,889.0,925.1,999.8,973.1
24.132,714.1,442.3,452.1,555.5,771.4,125.0,889.6,925.7,1.000E3,973.9
24.198,713.6,440.2,451.5,555.1,770.5,124.3,890.9,926.6,1.001E3,973.0
24.265,714.4,439.4,450.6,555.4,769.8,123.6,891.5,929.3,1.001E3,973.4
24.332,713.7,438.9,450.7,555.1,771.2,122.8,891.4,930.2,1.001E3,972.9
24.398,715.8,438.3,451.6,556.3,772.4,120.4,891.7,930.0,1.001E3,972.8
24.465,716.2,439.5,451.8,555.9,769.9,120.8,891.5,929.2,1.001E3,973.4
24.532,717.7,441.5,451.9,555.5,770.0,120.1,891.5,928.9,999.1,976.0
24.598,718.1,441.3,451.1,557.1,770.0,119.7,892.4,930.1,998.4,978.1
24.665,719.6,441.0,451.7,558.1,767.0,120.5,891.9,929.9,999.3,980.2
24.732,720.5,441.0,453.5,557.8,767.6,122.4,892.2,929.9,999.1,980.4
24.798,721.7,440.4,452.9,558.1,767.5,120.0,892.6,928.0,999.2,979.6
24.865,720.6,440.9,453.3,558.5,767.9,123.0,893.0,928.1,1.001E3,982.1
24.932,720.1,440.0,455.0,559.7,765.3,122.9,892.4,929.1,1.003E3,984.4
24.998,721.4,439.5,455.7,559.0,765.0,122.4,893.1,929.3,1.004E3,985.1
25.065,721.4,438.8,453.3,557.8,764.5,123.0,893.7,929.6,1.003E3,981.7
25.132,720.6,439.1,452.1,558.4,766.0,123.1,893.9,928.2,1.006E3,982.6
25.198,722.0,440.5,452.3,558.3,764.9,122.9,894.2,927.6,1.004E3,983.2
25.265,720.3,441.7,453.0,558.9,766.2,123.7,893.5,927.9,1.003E3,982.5
25.332,719.4,442.6,453.1,558.7,767.3,123.0,895.6,927.6,1.003E3,981.2
25.398,718.8,442.1,453.1,559.6,765.8,124.7,895.8,928.8,1.003E3,981.0
25.465,719.3,442.4,453.4,560.0,767.5,124.9,896.0,928.0,1.004E3,981.4
25.532,720.8,444.8,452.6,559.9,768.3,125.8,897.5,927.1,1.005E3,978.8
25.598,723.6,445.0,453.1,560.6,766.6,126.2,896.7,927.1,1.005E3,979.5
25.665,722.7,445.6,452.2,560.7,767.0,125.5,896.2,926.0,1.006E3,979.4
25.732,724.1,446.4,451.6,561.6,766.3,124.4,895.8,926.1,1.004E3,981.4
25.798,723.3,448.6,453.5,562.5,765.6,125.1,896.5,926.9,1.007E3,981.4
25.865,721.0,448.8,453.8,565.1,765.7,124.5,895.3,925.4,1.007E3,981.4
25.932,719.4,448.0,453.2,563.9,766.5,124.0,896.1,923.2,1.006E3,980.5
25.998,718.1,448.0,453.1,562.7,766.5,126.3,897.8,922.8,1.006E3,979.9
26.065,718.3,449.0,452.9,561.6,767.0,126.4,897.7,922.6,1.006E3,980.9
26.132,719.0,449.2,454.2,563.3,767.2,125.9,895.6,922.7,1.006E3,981.2
26.198,721.1,448.8,455.0,564.3,766.3,125.7,896.3,922.7,1.006E3,980.8
26.265,720.8,447.8,455.7,566.3,764.3,126.5,895.7,923.3,1.006E3,981.2
26.332,722.0,447.7,455.9,566.1,764.8,126.7,893.5,923.2,1.003E3,982.0
26.398,722.0,447.9,454.9,565.0,765.9,127.8,894.2,923.2,1.002E3,982.0
26.465,721.5,448.0,454.8,565.0,764.5,126.8,895.3,922.3,1.004E3,983.8
26.532,722.0,447.4,457.1,564.8,763.4,126.9,894.9,921.6,1.003E3,983.7
26.598,720.3,446.1,458.2,565.3,764.1,127.2,894.2,922.6,1.003E3,984.4
26.665,718.5,446.0,458.1,565.9,765.3,128.1,897.4,922.6,1.003E3,981.6
26.732,716.9,446.1,460.1,566.6,766.8,128.5,897.1,922.9,1.002E3,982.5
26.798,718.1,445.6,460.8,566.0,764.1,127.8,898.8,921.7,1.002E3,985.6
26.865,718.8,445.6,460.8,566.0,763.4,127.2,898.0,922.1,1.001E3,986.2
26.932,718.7,445.1,459.5,566.0,765.4,127.8,898.2,922.2,1.001E3,986.5
26.998,720.4,446.9,459.9,566.4,766.2,127.8,898.4,921.7,1.001E3,988.7
27.065,720.8,446.6,459.9,564.7,765.4,126.7,898.4,923.6,999.7,986.6
27.132,721.4,447.2,458.2,566.1,764.1,126.1,897.5,923.8,998.8,985.5
27.198,718.9,446.9,459.0,567.1,762.9,126.3,897.1,924.7,999.0,983.9
27.265,719.4,446.1,458.9,566.9,762.7,124.7,898.4,924.9,997.6,987.3
27.332,718.9,445.9,460.1,567.7,762.4,123.5,897.6,923.6,999.0,988.3
27.398,720.0,445.6,460.4,567.3,761.9,123.7,897.3,924.0,1.001E3,987.3
27.465,719.2,444.3,460.0,566.1,762.2,123.8,896.3,922.5,1.000E3,988.1
27.531,717.3,444.5,459.1,564.8,764.8,122.8,898.6,924.1,1.000E3,988.2
27.598,718.8,445.1,458.7,564.7,765.3,123.3,898.4,921.9,997.4,988.9
27.665,718.0,446.2,459.1,565.4,765.5,123.9,898.6,922.4,997.0,989.8
27.731,717.6,445.7,458.9,563.9,764.6,125.8,896.6,922.9,997.9,988.3
27.798,716.1,445.5,460.1,563.3,764.1,123.9,896.7,922.8,997.3,986.0
27.865,716.2,446.6,460.0,561.1,764.3,122.4,897.0,924.4,998.0,983.0
27.931,716.0,445.0,460.8,562.1,766.0,120.6,897.3,924.4,997.7,984.0
27.998,718.7,442.2,460.8,559.6,765.5,121.4,897.6,924.3,998.2,984.0
28.065,720.0,443.3,460.7,559.0,765.4,121.7,896.4,923.6,998.8,982.2
28.131,718.3,442.2,463.0,559.5,766.9,122.5,897.5,923.1,997.0,980.2
28.198,718.1,441.8,463.5,559.7,766.4,122.6,897.5,923.0,997.1,979.9
28.265,717.6,444.4,462.3,559.0,767.1,123.6,897.5,923.4,997.3,981.7
28.331,718.0,444.7,464.0,559.4,767.6,122.0,897.3,923.8,996.2,981.9
28.398,718.2,444.6,464.5,560.1,769.2,120.8,896.2,922.8,996.2,981.5
28.465,718.1,445.6,465.3,561.0,768.8,120.1,897.5,922.9,995.9,980.8
28.531,718.9,445.3,465.6,561.9,769.9,120.8,897.4,922.7,998.0,981.7
28.598,716.5,444.8,465.0,561.2,770.2,119.3,897.7,923.3,998.2,982.8
28.665,714.7,445.0,465.5,560.2,771.5,118.6,897.2,922.4,997.5,982.3
28.731,716.8,442.6,465.5,559.6,770.1,116.7,898.0,922.1,998.1,981.2
28.798,717.4,443.4,465.4,559.9,770.0,118.0,898.1,922.4,997.4,980.0
28.865,718.4,442.5,465.0,560.7,769.7,118.5,899.3,922.1,996.2,980.1
28.931,717.7,442.3,462.8,560.4,768.2,121.2,898.5,921.5,996.9,979.3
28.998,717.5,441.1,463.4,560.7,768.1,121.4,898.3,920.6,996.3,978.8
29.065,717.9,440.4,460.8,559.4,769.3,122.7,898.3,921.4,994.4,981.0
29.131,718.5,441.8,460.6,559.4,772.3,120.7,900.6,922.7,996.7,981.6
29.198,718.0,439.3,461.3,558.3,771.7,120.0,900.8,922.9,999.0,982.0
29.265,719.9,439.3,462.2,557.9,772.5,120.7,900.9,921.8,999.1,982.4
29.331,719.0,438.8,461.2,558.5,769.8,121.2,901.0,921.9,997.2,981.6
29.398,717.5,438.5,461.6,560.1,770.5,119.1,900.2,922.5,996.1,981.4
29.465,718.0,438.1,462.4,559.0,768.2,120.4,899.2,921.1,996.3,981.0
29.531,717.7,438.2,460.7,559.3,769.2,121.0,898.4,922.0,996.9,980.9
29.598,717.7,440.1,460.7,559.5,770.3,121.8,899.4,922.9,996.2,981.3
29.665,718.8,439.1,459.7,559.7,768.4,122.0,899.2,922.0,996.7,981.8
29.731,718.9,438.3,460.7,560.7,769.1,120.8,898.9,922.7,996.8,981.9
29.798,719.0,437.7,460.3,560.9,770.0,121.1,898.1,923.3,997.0,981.7
29.865,719.3,439.9,461.0,561.0,769.2,120.7,900.1,921.9,997.3,983.1
29.931,721.0,440.3,461.7,559.4,767.9,121.0,898.4,923.6,996.5,983.8
29.998,720.1,438.9,460.8,558.6,767.2,122.0,898.3,924.8,997.0,985.5
30.065,719.9,438.7,461.9,558.9,768.4,123.9,899.8,923.5,999.5,985.2
30.131,719.7,438.5,463.0,560.0,770.4,125.0,897.7,924.3,999.6,985.2
30.198,721.2,439.1,464.2,559.7,768.5,124.5,896.7,925.2,1.001E3,985.3
30.265,722.5,440.8,462.4,559.3,768.3,122.7,897.0,924.3,1.001E3,984.3
30.331,723.2,440.7,462.0,560.2,768.5,123.2,896.9,924.1,1000.0,984.1
30.398,723.3,442.3,461.8,559.4,768.2,122.9,897.1,922.8,998.9,984.3
30.465,720.6,443.9,461.2,558.3,767.4,123.7,898.9,922.5,998.1,985.2
30.531,721.3,445.1,461.6,556.7,767.8,123.2,899.9,922.4,998.0,984.9
30.598,720.2,446.2,461.3,556.5,766.6,124.3,899.1,923.1,998.0,984.5
30.665,720.5,446.3,462.2,556.7,765.1,125.6,899.7,924.6,996.7,985.5
30.731,719.6,446.7,461.8,556.9,766.4,125.6,900.8,927.1,996.7,985.6
30.798,719.5,446.1,461.7,558.0,766.2,125.0,900.9,927.2,996.8,984.5
30.865,718.8,445.3,461.9,557.4,766.3,125.2,900.5,927.4,996.8,984.6
30.931,717.8,445.2,461.8,556.3,765.7,125.7,900.5,927.3,995.7,984.1
30.998,718.8,447.7,463.5,555.4,764.6,124.6,900.4,925.9,995.2,983.9
31.065,719.5,449.1,463.8,557.7,764.6,124.1,900.6,926.8,993.7,982.6
31.131,719.3,449.0,463.3,558.3,764.6,123.4,900.9,926.7,994.3,982.1
31.198,719.6,447.9,463.4,558.4,765.1,124.7,900.2,928.3,992.2,981.4
31.265,720.1,447.4,462.8,558.6,768.1,123.7,899.6,928.4,991.6,982.3
31.331,719.5,445.4,462.9,559.3,770.4,122.5,898.0,930.2,991.9,982.5
31.398,720.7,446.5,462.9,559.7,768.9,121.7,897.8,929.9,991.9,982.2
31.465,721.4,446.5,463.0,559.6,767.9,120.7,898.4,930.1,991.7,981.3
31.531,719.2,446.8,463.7,557.9,766.6,121.6,901.2,930.1,990.8,981.5
31.598,720.8,448.4,463.7,558.6,766.6,122.6,900.4,932.7,991.5,982.7
31.665,720.3,448.8,463.9,559.9,765.0,123.7,902.1,931.0,990.6,983.1
31.731,721.7,448.8,463.9,559.8,764.7,122.6,902.6,931.0,991.2,981.7
31.798,723.4,447.7,463.5,560.2,763.6,120.5,902.5,931.3,992.3,981.8
31.865,722.5,447.5,462.7,557.6,763.2,120.9,901.3,931.7,993.2,982.6
31.931,721.2,449.4,461.7,557.7,762.7,119.0,902.5,931.9,991.8,983.2
31.998,720.5,449.2,462.4,558.6,762.2,119.1,901.2,930.6,992.2,984.3
32.065,719.1,449.2,461.6,560.5,762.9,118.6,902.3,931.7,993.8,983.4
32.131,719.4,448.5,464.2,559.4,762.2,117.1,901.5,933.1,992.7,981.4
32.198,719.1,447.7,463.2,558.4,762.9,118.4,901.4,933.6,993.4,980.9
32.265,718.4,448.8,462.7,558.0,763.4,119.2,903.1,933.4,993.3,980.9
32.331,718.5,449.2,462.0,558.6,763.4,118.8,901.6,933.5,993.2,980.7
32.398,719.8,449.4,460.8,558.0,763.1,117.7,901.0,934.2,992.0,981.9
32.465,720.1,449.0,460.9,559.2,763.1,117.3,898.1,934.7,992.0,980.8
32.531,718.3,449.0,459.8,560.5,763.7,118.3,897.2,935.4,990.7,982.7
32.598,717.1,448.3,459.7,558.9,763.7,119.7,896.3,936.2,990.9,984.1
32.664,717.0,449.1,461.1,559.9,764.4,119.5,894.6,936.2,990.5,983.8
32.731,718.0,447.1,461.7,558.5,764.6,118.8,893.6,932.3,989.6,984.1
32.798,717.7,447.0,463.8,560.0,764.9,118.9,892.2,933.2,988.2,984.2
32.864,718.3,447.5,463.6,558.6,764.5,119.7,894.8,933.1,988.8,983.5
32.931,717.4,447.4,464.5,557.4,765.7,120.0,893.8,933.0,989.4,982.3
32.998,715.9,445.7,463.9,558.3,762.2,121.2,895.1,933.9,988.8,983.5
33.064,715.3,445.3,465.9,557.5,762.6,121.4,895.8,934.0,988.3,983.7
33.131,713.6,446.2,465.7,557.0,761.6,122.3,896.9,933.2,988.8,982.5
33.198,714.9,445.9,467.3,556.0,762.6,123.4,897.4,932.8,987.6,983.8
33.264,713.9,446.7,465.9,556.8,764.1,122.8,895.3,933.1,986.6,981.2
33.331,713.7,447.5,465.7,556.5,765.9,123.2,893.5,931.5,987.4,981.0
33.398,713.2,447.4,466.2,556.4,765.5,124.6,896.2,933.6,989.3,980.5
33.464,713.1,447.2,465.5,557.2,765.9,124.9,895.2,933.1,989.6,981.3
33.531,712.2,446.4,465.9,556.0,765.5,123.8,896.6,930.5,989.3,980.5
33.598,709.1,447.9,465.0,554.8,765.6,124.0,894.9,932.4,987.8,980.9
33.664,710.4,447.2,462.4,556.7,765.6,124.2,894.7,933.5,987.3,981.9
33.731,710.5,447.4,461.7,555.1,765.7,124.7,894.9,934.3,988.5,980.3
33.798,711.0,448.8,461.8,555.9,765.2,122.4,893.3,933.5,988.2,981.4
33.864,711.3,449.5,461.0,554.6,764.6,121.6,892.7,933.1,989.3,982.0
33.931,708.3,448.3,460.7,556.3,765.0,122.5,893.4,932.8,989.7,981.3
33.998,708.8,447.7,462.2,557.3,763.8,124.0,892.6,934.0,990.3,981.8
34.064,710.2,449.4,461.9,556.0,763.7,124.5,892.5,934.3,988.4,980.7
34.131,709.6,449.8,461.7,556.9,762.4,124.9,893.5,936.3,987.3,980.0
34.198,710.1,450.2,460.4,557.4,761.9,123.9,893.7,936.4,986.5,979.9
34.264,710.1,449.3,460.4,556.8,762.9,123.0,894.2,935.1,986.1,979.9
34.331,708.9,448.3,460.3,557.5,762.0,123.9,894.3,934.6,985.0,980.6
34.398,709.3,447.3,461.1,557.1,762.0,122.3,894.8,934.3,984.1,981.2
34.464,709.2,446.2,463.3,558.0,763.7,122.2,895.0,936.9,982.9,979.1
34.531,710.9,447.7,463.0,557.2,762.1,122.6,897.5,935.6,983.7,977.3
34.598,711.4,448.9,464.2,556.8,761.4,121.2,896.5,937.5,984.4,978.7
34.664,710.7,449.2,462.5,557.8,760.8,121.3,895.3,940.0,982.6,980.5
34.731,710.8,450.3,462.6,558.3,762.3,122.5,897.5,937.9,982.8,980.7
34.798,709.5,449.0,462.9,558.1,761.8,121.9,895.9,937.9,983.5,979.9
34.864,710.2,447.4,463.3,557.8,761.7,121.4,896.4,938.4,984.3,979.3
34.931,710.7,450.3,464.1,554.9,762.7,120.9,897.9,937.6,983.8,981.3
34.998,712.1,450.3,464.9,555.7,762.1,118.9,898.1,940.2,983.3,978.8
35.064,711.2,450.0,465.2,555.0,763.0,118.5,898.4,939.6,983.3,979.5
35.131,711.3,451.8,464.4,556.2,763.7,120.5,896.5,941.2,983.4,979.9
35.198,711.3,453.5,463.9,553.1,762.9,119.3,897.1,941.3,983.2,978.9
35.264,710.5,454.3,465.3,551.6,762.3,118.6,897.8,943.0,983.7,981.8
35.331,710.1,454.7,466.1,552.5,761.3,118.4,897.5,943.8,983.9,982.9
35.398,710.3,454.5,467.4,552.2,761.7,118.3,899.1,945.2,982.1,983.8
35.464,709.5,453.6,467.4,555.7,761.7,118.7,899.9,945.2,981.6,982.2
35.531,709.5,454.0,466.6,554.5,760.0,120.3,901.1,943.3,982.3,982.8
35.598,710.7,455.6,464.3,554.7,761.2,119.2,899.8,943.2,982.0,983.4
35.664,710.8,457.1,463.8,554.2,762.8,121.4,897.5,942.6,982.4,984.2
35.731,712.2,456.8,465.1,554.6,763.2,120.5,899.2,941.8,982.4,983.6
35.798,714.2,455.4,464.3,554.1,763.2,120.6,897.5,940.6,982.5,982.4
35.864,714.8,454.2,463.9,552.5,762.9,119.2,897.9,941.7,983.6,981.3
35.931,715.8,452.7,462.6,551.1,762.3,118.4,899.8,943.7,984.5,981.7
35.998,715.1,454.0,462.9,548.8,762.1,118.0,899.5,943.9,985.2,981.8
36.064,715.6,452.5,463.9,548.3,762.8,119.0,899.9,942.8,987.6,980.3
36.131,716.8,452.1,463.5,548.1,763.7,117.5,899.9,943.0,988.8,980.5
36.198,716.5,450.3,464.0,546.7,765.6,115.4,899.0,943.3,987.0,982.6
36.264,718.8,448.6,463.6,546.4,763.6,117.7,898.4,942.8,987.1,983.7
36.331,719.1,449.3,465.2,546.9,764.5,118.5,899.4,944.0,987.4,983.7
36.398,720.7,447.2,465.6,544.8,762.3,117.0,900.9,943.4,986.7,983.8
36.464,721.0,448.0,467.8,544.0,761.0,119.6,900.7,943.0,986.5,983.9
36.531,721.2,449.1,466.8,543.0,761.0,119.7,901.2,942.2,987.0,981.6
36.598,720.9,450.6,466.6,542.0,760.8,119.2,900.1,941.1,987.1,981.8
36.664,719.6,452.3,467.7,543.0,759.9,119.2,899.4,943.0,986.3,982.2
36.731,718.9,453.1,466.5,543.0,760.1,119.9,900.2,943.5,988.2,981.3
36.798,717.8,452.9,466.3,542.2,758.4,121.2,900.2,943.1,986.4,980.8
36.864,719.0,453.2,465.8,541.7,757.8,122.5,898.7,942.4,984.8,981.2
36.931,718.1,452.3,467.3,541.7,758.7,120.6,900.2,943.5,984.8,980.4
36.998,717.8,450.1,466.0,543.2,759.9,119.4,900.4,943.1,984.6,979.8
37.064,718.4,450.2,463.9,542.8,759.4,119.4,898.4,944.0,985.4,980.1
37.131,718.7,450.0,463.5,542.3,759.1,119.0,897.7,943.7,984.8,981.7
37.198,717.1,449.3,464.5,543.7,760.1,117.9,897.9,943.9,985.5,982.1
37.264,714.5,448.6,465.2,544.5,760.8,117.6,898.8,945.1,986.0,981.9
37.331,715.0,449.6,464.7,543.6,761.0,116.7,899.1,944.4,987.0,982.6
37.398,712.3,450.8,464.2,543.5,759.9,117.8,898.6,943.3,987.0,985.7
37.464,712.4,450.7,463.8,542.9,759.7,119.4,899.4,943.1,986.0,985.4
37.531,710.6,452.1,466.1,543.6,756.7,118.5,898.8,942.9,985.3,985.4
37.597,709.8,451.6,468.3,543.4,756.8,120.5,898.9,943.8,985.4,984.3
37.664,711.0,452.3,468.0,543.2,757.3,120.5,899.3,943.6,984.6,985.5
37.731,711.7,454.1,466.8,543.7,757.2,120.6,898.4,945.8,986.5,985.8
37.797,711.0,454.1,467.0,543.1,758.8,119.3,897.9,945.8,986.1,984.7
37.864,711.1,453.4,467.3,541.6,757.8,118.5,899.1,944.4,985.9,985.2
37.931,710.7,452.4,466.2,543.2,757.5,118.5,898.1,945.7,987.8,985.8
37.997,709.4,453.7,465.3,542.6,757.9,118.9,898.6,945.8,988.7,987.0
38.064,710.2,454.5,467.1,541.1,758.8,119.3,900.0,945.2,990.6,986.4
38.131,710.8,453.0,467.9,540.2,759.2,121.0,899.8,945.5,989.7,986.3
38.197,710.7,453.0,469.2,539.4,758.6,119.7,899.1,944.7,990.6,985.9
38.264,711.2,452.9,469.3,539.2,758.4,118.9,899.9,945.7,991.3,986.5
38.331,710.7,453.8,469.1,537.6,759.5,118.8,899.6,946.3,989.8,986.7
38.397,710.9,453.7,469.1,538.2,758.3,118.6,900.2,945.8,990.2,987.0
38.464,711.4,452.8,470.9,538.6,757.3,120.6,900.7,946.2,990.0,986.4
38.531,710.5,452.2,471.1,538.9,758.1,122.6,900.2,944.2,990.5,985.9
38.597,709.6,450.7,469.3,538.1,757.6,123.0,900.1,945.6,990.1,985.6
38.664,710.2,450.3,469.2,537.0,756.9,123.9,900.4,945.1,990.2,986.4
38.731,710.4,451.4,469.0,536.3,757.8,123.7,900.3,944.6,991.0,984.6
38.797,709.3,451.2,471.5,535.9,758.7,123.5,898.7,945.1,991.9,984.4
38.864,710.8,450.7,472.2,533.3,758.5,122.9,898.4,945.6,994.8,984.0
38.931,711.6,451.0,472.4,533.3,758.1,122.1,899.3,945.6,997.0,984.4
38.997,711.5,452.2,471.1,532.9,758.5,121.6,897.0,946.3,995.8,983.9
39.064,712.9,452.1,473.4,536.1,759.2,121.8,896.4,946.0,995.5,983.7
39.131,711.1,451.5,472.8,536.2,759.1,121.1,897.5,949.3,994.4,983.3
39.197,710.6,452.7,471.5,539.0,759.8,121.7,897.5,947.5,993.6,982.6
39.264,710.2,453.4,471.0,537.3,759.2,121.6,898.1,949.3,995.7,984.1
39.331,709.9,453.0,472.7,536.7,758.6,122.0,897.0,947.4,994.3,983.5
39.397,709.5,453.0,472.9,535.8,757.9,121.0,898.3,947.5,993.6,984.2
39.464,712.1,451.0,473.0,536.0,756.2,119.8,897.9,946.3,993.7,983.9
39.531,710.8,451.3,475.6,536.1,755.7,119.6,897.4,945.6,993.3,984.2
39.597,709.9,449.6,475.2,537.2,755.5,121.5,897.7,946.1,992.3,984.0
39.664,712.3,449.7,474.1,538.8,755.1,123.4,897.0,946.3,992.4,983.0
39.731,713.1,449.2,471.2,537.5,754.2,125.4,896.7,945.7,992.3,981.2
39.797,712.8,448.9,470.5,537.7,754.1,124.7,897.5,945.8,993.2,980.2
39.864,712.9,449.3,470.4,538.8,753.3,126.0,897.8,945.6,991.1,980.2
39.931,713.8,450.1,472.5,537.2,751.7,126.5,897.2,944.9,991.1,979.7
39.997,715.2,451.4,471.9,538.0,750.4,126.2,899.0,944.3,991.3,980.3
40.064,715.7,450.8,470.6,538.6,750.0,126.3,898.9,944.3,990.1,980.3
40.131,715.5,450.2,470.2,539.0,749.0,127.0,898.5,944.3,990.9,979.8
40.197,715.1,450.3,471.2,542.3,749.5,127.5,899.4,942.1,990.8,978.8
40.264,714.0,450.0,470.7,542.6,750.4,128.6,899.0,942.2,991.1,979.6
40.331,714.4,448.9,472.4,541.3,748.9,128.4,898.8,941.9,991.6,980.8
40.397,715.4,446.8,473.7,541.9,749.1,128.3,898.3,940.4,992.3,981.2
40.464,714.4,446.0,473.9,539.8,751.7,128.8,897.8,939.7,989.8,982.1
40.531,714.4,446.7,473.4,539.0,751.4,128.0,898.1,939.8,989.6,983.2
40.597,716.9,446.3,473.3,538.5,751.1,129.6,900.3,941.5,990.4,981.9
40.664,717.7,447.0,471.2,538.6,750.4,129.8,900.2,942.1,990.3,981.5
40.731,718.0,446.4,471.1,538.2,751.5,131.2,900.2,942.8,988.9,981.9
40.797,718.3,445.8,469.7,539.6,751.7,133.1,900.9,943.0,990.3,980.7
40.864,718.2,445.6,470.3,540.1,752.1,133.5,899.3,943.4,989.8,981.3
40.931,716.3,446.6,470.1,540.5,751.4,133.6,899.0,940.9,990.1,980.6
40.997,717.6,447.3,468.9,538.5,750.2,133.7,896.7,941.7,991.3,980.9
41.064,720.5,447.2,469.8,539.5,750.6,133.3,895.7,940.5,993.1,980.1
41.131,720.0,447.0,472.0,538.7,751.5,132.2,895.1,940.8,992.6,982.7
41.197,718.9,447.2,475.0,539.1,750.2,131.5,896.0,940.6,993.6,983.0
41.264,719.5,447.1,475.5,538.2,749.6,130.4,896.2,940.1,995.6,983.1
41.331,718.1,450.3,477.1,537.6,748.9,131.5,896.5,938.9,994.6,983.7
41.397,718.3,450.4,476.7,538.0,749.2,130.3,895.2,939.6,991.8,984.1
41.464,717.5,450.0,477.3,539.2,749.8,128.7,895.9,939.7,991.4,983.4
41.531,718.9,451.2,476.1,538.1,749.6,128.7,895.5,939.6,990.1,982.9
41.597,720.7,451.4,476.5,537.8,749.5,129.5,896.4,938.5,988.1,980.3
41.664,722.3,451.7,476.1,537.6,750.0,129.6,896.2,938.4,988.5,979.5
41.731,721.2,450.6,476.2,540.0,749.6,130.3,899.1,937.7,989.4,980.2
41.797,719.9,450.5,476.2,539.8,749.1,130.2,898.1,938.9,988.8,981.2
41.864,720.8,449.2,475.4,537.5,748.9,131.2,898.5,939.4,990.4,978.2
41.931,720.8,447.3,475.9,536.7,749.2,131.3,898.5,938.7,988.2,979.6
41.997,719.8,448.1,476.3,536.3,750.3,131.4,897.3,936.8,989.8,980.2
42.064,719.8,448.4,474.3,536.5,751.2,131.7,896.4,936.3,991.9,980.2
42.131,719.2,447.3,477.2,538.4,750.8,132.5,895.4,937.2,992.9,979.5
42.197,719.4,447.8,476.3,538.3,751.2,132.6,895.3,937.4,994.0,978.7
42.264,717.2,450.4,477.7,538.3,750.2,134.1,894.9,937.4,992.7,981.9
42.331,718.9,450.8,479.4,539.4,750.3,133.5,894.7,937.6,992.4,982.4
42.397,717.8,451.3,479.0,537.9,751.5,134.3,894.7,938.9,992.1,982.1
42.464,718.1,450.7,481.0,537.1,751.0,134.6,894.9,940.8,990.5,982.3
42.530,716.2,452.5,482.0,533.9,749.9,132.7,894.1,941.0,988.7,982.6
42.597,715.9,450.7,482.5,536.0,749.0,132.3,894.9,941.2,987.8,983.9
42.664,712.4,451.3,483.2,537.2,750.0,132.9,894.5,941.4,987.3,983.3
42.730,710.3,452.9,483.1,538.1,751.0,132.3,896.1,942.0,987.2,982.7
42.797,710.1,453.3,482.8,537.2,750.9,134.7,894.6,940.4,988.2,984.3
42.864,709.9,454.3,480.7,537.4,749.4,136.2,894.1,939.9,985.4,982.6
42.930,710.1,453.5,480.9,537.1,750.4,136.0,895.7,940.6,986.0,983.6
42.997,710.2,453.0,481.0,537.7,749.8,136.4,895.0,941.6,987.3,983.5
43.064,711.5,452.2,480.3,537.4,749.2,136.3,895.4,941.3,987.1,982.5
43.130,711.7,452.5,480.1,536.6,748.5,137.5,895.8,941.7,985.8,982.2
43.197,712.5,451.4,479.9,537.2,749.3,136.0,895.4,941.5,986.7,980.3
43.264,714.3,451.3,478.9,537.0,750.1,135.6,895.1,941.1,986.6,977.9
43.330,713.8,450.4,479.0,536.9,752.3,135.3,896.1,941.3,987.6,979.7
43.397,714.1,452.5,478.9,537.3,752.2,134.8,896.5,941.8,988.6,979.0
43.464,714.9,452.8,477.9,538.3,754.3,134.9,896.3,942.3,988.9,976.8
43.530,713.4,454.1,477.7,536.8,753.6,134.2,897.7,940.8,988.8,977.2
43.597,713.1,454.5,479.3,535.9,752.8,136.0,897.7,941.0,988.5,977.0
43.664,713.0,452.7,478.7,536.0,752.2,134.8,897.2,940.4,988.0,977.0
43.730,713.4,452.3,476.7,537.5,752.6,133.8,897.1,941.7,988.1,977.3
43.797,712.7,452.1,477.2,537.8,752.8,135.0,896.1,940.9,988.4,974.8
43.864,714.4,452.0,478.8,536.4,753.4,134.9,897.7,937.9,987.1,977.3
43.930,713.8,450.7,477.1,537.1,754.2,133.5,897.5,938.1,987.0,974.9
43.997,715.8,451.6,478.4,536.7,753.9,132.9,896.8,938.7,986.3,975.2
44.064,713.8,452.5,478.0,537.0,752.6,133.3,896.2,940.0,987.2,977.9
44.130,711.9,453.9,477.2,537.9,752.6,134.0,896.1,940.5,986.6,976.4
44.197,711.9,451.8,477.4,538.1,752.8,135.2,895.7,941.5,987.5,977.6
44.264,711.9,452.0,477.8,538.5,752.9,134.3,895.1,942.3,986.9,978.3
44.330,711.0,450.1,478.1,538.0,751.8,136.0,895.9,941.3,987.1,978.5
44.397,711.0,450.3,478.2,536.7,751.8,135.0,895.3,941.9,988.0,977.2
44.464,710.7,451.0,477.7,538.9,751.2,135.8,893.8,941.6,987.9,976.9
44.530,711.0,452.7,478.4,540.0,750.4,135.6,894.4,943.2,988.3,978.1
44.597,708.9,453.6,478.0,540.2,750.5,135.6,895.3,942.4,988.2,978.4
44.664,709.2,454.3,477.3,540.6,750.0,135.0,894.5,943.6,987.6,977.1
44.730,709.7,453.1,477.1,539.6,751.1,135.6,894.6,944.1,987.4,975.4
44.797,709.5,451.7,478.1,539.5,751.7,135.7,897.2,944.0,987.3,976.5
44.864,708.1,450.8,478.3,538.4,749.6,137.1,896.8,941.8,987.0,978.8
44.930,706.6,451.3,479.0,537.8,749.8,138.1,896.9,940.3,986.4,981.3
44.997,706.3,453.1,479.0,539.5,749.9,139.8,896.6,939.9,987.6,980.7
45.064,706.7,451.6,479.4,539.0,749.5,140.1,896.9,941.0,986.0,982.1
45.130,709.2,453.7,476.9,539.1,750.1,141.0,897.8,942.4,987.7,982.3
45.197,708.0,454.7,478.0,539.5,751.0,141.7,898.3,942.4,989.2,982.5
45.264,709.6,455.3,478.2,538.9,749.4,141.2,899.5,941.9,990.8,982.3
45.330,710.0,454.2,478.0,539.6,748.6,139.7,899.5,940.5,992.2,981.9
45.397,710.8,455.5,476.9,538.0,749.4,139.5,900.4,940.3,994.6,981.1
45.464,712.0,454.6,477.0,538.2,747.6,139.1,899.9,939.9,994.2,982.7
45.530,714.4,455.3,473.7,538.2,746.6,140.8,900.5,939.4,994.8,982.2
45.597,714.0,453.4,472.7,537.8,745.0,140.4,901.8,938.3,997.0,981.6
45.664,715.9,452.8,471.9,537.7,743.8,142.5,902.2,936.1,997.6,979.7
45.730,716.2,455.1,469.7,538.1,743.5,142.6,901.7,937.4,997.5,981.7
45.797,715.0,457.5,467.3,537.2,742.5,143.8,900.7,936.3,998.7,980.8
45.864,715.0,458.1,466.4,537.5,743.1,143.0,901.7,936.6,997.9,981.0
45.930,714.5,456.6,464.3,538.3,742.5,143.6,900.4,935.9,996.9,979.2
45.997,714.1,457.3,464.3,538.6,743.3,143.6,900.3,936.6,995.2,977.3
46.064,715.6,457.3,464.7,538.7,743.1,143.2,900.6,935.8,995.0,975.4
46.130,715.3,457.0,466.6,538.3,743.1,143.6,900.4,936.9,995.9,975.9
46.197,713.8,456.9,468.5,540.0,744.3,145.1,899.3,935.2,997.5,977.0
46.264,714.8,455.0,468.8,539.3,745.9,145.1,899.2,934.6,997.0,977.1
46.330,715.6,454.2,469.6,539.8,745.1,145.9,899.5,935.4,998.1,976.5
46.397,716.7,455.8,469.9,537.9,744.5,144.2,898.9,934.0,998.4,976.5
46.464,715.3,457.4,469.8,538.2,743.2,144.7,898.5,933.9,996.9,973.6
46.530,715.5,458.1,469.5,537.9,742.8,145.0,898.6,933.8,998.5,973.6
46.597,716.3,458.1,469.3,539.0,740.2,147.1,898.0,935.4,999.7,972.3
46.664,716.2,457.1,467.3,538.9,738.6,148.8,897.9,935.1,998.8,970.5
46.730,716.8,454.0,467.7,539.4,737.7,149.7,897.6,935.3,999.3,969.5
46.797,717.3,454.0,467.6,539.2,738.7,150.6,897.3,934.1,1.000E3,969.8
46.864,719.3,452.6,467.6,539.2,738.8,150.5,898.5,932.6,998.8,969.7
46.930,720.4,452.5,466.7,539.9,738.5,149.0,898.4,933.7,998.3,969.5
46.997,718.2,452.2,467.1,539.1,737.4,149.6,899.3,932.9,997.9,968.6
47.064,717.1,450.8,466.5,541.5,736.0,149.4,898.9,933.0,996.9,969.6
47.130,718.1,450.0,466.3,541.3,734.5,150.0,897.8,932.2,996.6,968.2
47.197,718.0,449.8,466.4,542.8,734.4,151.1,897.3,931.5,997.4,966.1
47.264,718.0,450.1,468.3,543.5,736.8,151.5,898.5,933.0,996.2,966.6
47.330,717.9,446.9,470.1,543.8,736.3,150.5,898.6,932.6,995.0,968.7
47.397,717.9,444.5,469.3,545.2,734.5,152.3,899.3,933.1,996.7,969.7
47.464,714.9,442.2,468.9,546.0,733.2,155.0,898.3,931.5,995.4,969.4
47.530,716.0,442.4,467.9,545.4,733.3,155.3,898.4,930.7,995.5,969.3
47.597,715.4,443.4,467.0,543.4,734.2,156.4,899.7,932.3,995.3,969.5
47.663,714.2,444.3,466.5,545.6,734.3,156.1,899.7,931.9,995.8,969.1
47.730,713.6,444.0,467.2,545.9,733.6,156.9,900.2,931.2,996.1,969.4
47.797,714.7,445.4,468.7,546.4,734.2,155.6,900.2,930.4,995.9,969.6
47.863,713.8,442.2,470.7,546.4,735.5,155.7,900.6,929.8,995.4,968.3
47.930,714.3,443.1,471.1,546.0,734.5,156.8,900.5,929.7,993.0,968.5
47.997,715.7,443.5,471.2,545.6,734.0,155.7,900.5,930.6,992.8,968.2
48.063,717.3,441.7,471.6,547.3,736.1,156.7,902.6,929.9,995.0,967.7
48.130,716.4,440.3,472.1,546.8,738.6,158.2,900.3,928.7,994.4,967.7
48.197,717.4,440.0,471.6,546.7,737.8,156.1,901.2,926.2,992.6,967.8
48.263,714.4,440.4,472.8,547.7,738.8,156.2,903.8,924.4,991.8,967.4
48.330,713.0,440.8,477.2,548.2,739.1,157.0,903.4,925.5,991.7,968.2
48.397,716.8,442.4,476.8,547.9,738.5,158.6,905.1,927.5,990.9,965.6
48.463,715.5,442.1,476.0,547.9,739.4,158.2,904.7,928.4,989.7,968.3
48.530,715.3,442.7,477.6,549.4,739.4,157.9,905.2,927.8,990.6,967.7
48.597,715.3,442.1,477.9,547.4,739.7,157.4,905.4,927.8,990.9,968.4
48.663,714.7,443.5,479.1,548.3,738.3,156.9,905.2,927.6,992.1,968.5
48.730,715.3,442.7,477.7,547.2,738.6,154.4,906.6,928.8,992.3,969.4
48.797,715.7,442.3,477.7,546.2,737.6,155.0,906.8,928.6,991.1,970.2
48.863,715.8,444.9,478.4,546.0,736.6,155.0,905.3,927.0,991.1,970.2
48.930,716.1,444.9,478.4,544.4,738.0,155.6,903.4,927.0,990.4,970.6
48.997,716.3,443.1,476.0,545.3,737.1,156.5,903.0,926.7,990.2,970.1
49.063,716.5,443.7,475.6,544.8,737.4,156.5,903.2,927.3,988.4,971.0
49.130,714.2,444.2,474.5,546.1,736.8,156.9,904.8,927.6,987.9,972.6
49.197,712.8,441.4,475.8,547.0,736.0,157.8,905.3,925.9,989.2,972.1
49.263,710.6,440.5,477.2,547.5,733.7,157.8,905.7,925.3,988.5,971.0
49.330,711.6,439.1,476.6,547.0,733.7,155.6,905.9,925.5,989.8,972.7
49.397,713.8,441.2,477.0,547.3,732.7,156.0,906.1,925.1,991.1,972.5
49.463,713.5,439.9,476.1,547.5,733.6,157.4,906.1,924.3,990.4,971.2
49.530,714.6,438.3,476.8,549.0,733.6,157.0,906.4,922.8,989.3,969.7
49.597,712.6,436.5,476.4,548.2,732.6,156.7,904.9,924.1,988.7,968.8
49.663,713.1,436.4,475.0,547.0,731.4,154.8,903.5,924.0,988.2,967.6
49.730,711.1,436.1,473.8,548.2,730.5,155.8,903.4,924.7,988.9,969.3
49.797,709.7,438.6,474.3,548.9,730.5,155.3,902.2,925.3,989.0,967.7
49.863,710.1,439.6,475.2,548.5,730.3,155.3,902.3,925.0,989.1,966.5
49.930,710.0,439.7,473.5,548.7,729.4,156.2,902.7,924.9,989.3,969.7
49.997,710.2,438.6,473.5,547.9,729.0,155.8,901.5,924.7,989.2,970.1