#multi:
,masa A,,masa B,,masa C,,masa D,,masa E,
t,pixelx,pixely,pixelx,pixely,pixelx,pixely,pixelx,pixely,pixelx,pixely
0.000,670.0,962.0,201.5,637.5,123.5,402.5,827.0,571.0,815.5,52.50
0.067,670.0,962.3,201.4,638.0,123.4,403.8,827.2,572.3,815.7,52.99
0.133,670.0,962.5,203.8,639.2,123.6,404.9,826.3,572.1,816.1,54.63
0.200,670.8,962.7,203.8,640.5,124.5,404.9,826.5,573.0,816.5,54.76
0.267,670.3,962.8,203.4,640.5,125.4,403.4,827.7,573.3,816.6,55.90
0.333,669.3,963.6,204.4,639.5,123.8,404.5,828.6,573.3,816.7,56.35
0.400,669.6,964.2,204.5,640.0,122.3,404.7,829.7,573.7,817.8,57.70
0.467,670.5,964.1,204.6,639.5,121.5,404.5,830.7,573.6,817.6,55.97
0.533,671.2,964.7,205.9,639.9,121.6,404.5,830.2,574.7,817.6,56.91
0.600,671.4,965.1,207.3,639.7,123.5,406.2,831.0,574.7,817.6,56.37
0.667,670.3,965.2,207.4,639.8,123.1,406.9,831.2,575.1,819.8,57.18
0.733,669.8,964.9,207.9,640.1,122.1,407.6,831.3,576.0,819.6,57.48
0.800,670.8,966.0,207.9,640.6,121.1,407.8,830.7,576.3,820.6,58.23
0.867,671.0,965.6,208.1,640.4,121.9,409.2,831.1,576.8,821.1,57.78
0.933,670.3,966.1,208.3,641.8,121.4,407.9,832.7,577.0,821.3,58.88
1.000,670.2,966.4,207.3,641.3,120.9,408.1,832.9,577.6,821.9,58.26
1.067,670.0,966.4,207.9,641.9,120.1,408.9,832.5,578.4,821.8,58.80
1.133,669.8,965.6,208.4,641.1,120.1,408.8,832.6,577.1,820.9,59.04
1.200,670.4,966.3,209.5,642.3,120.2,408.4,832.1,578.3,821.9,60.62
1.267,669.4,966.7,210.2,643.0,121.1,408.2,831.2,577.8,820.2,60.19
1.333,669.0,965.9,210.5,642.6,122.2,408.1,831.0,579.4,821.5,59.00
1.400,669.7,967.5,211.4,641.6,121.9,408.8,831.0,577.8,820.7,59.45
1.467,670.0,967.9,211.1,641.6,121.9,407.6,831.0,578.3,820.1,59.56
1.533,670.2,967.8,210.8,639.5,122.1,407.6,831.3,579.2,819.2,60.32
1.600,669.9,967.8,210.3,639.7,122.8,407.9,831.3,578.8,819.3,60.55
1.667,669.6,967.7,209.6,639.9,122.8,407.1,833.3,578.8,820.1,63.15
1.733,670.3,967.4,209.4,641.2,123.0,409.7,832.4,580.7,820.1,62.56
1.800,670.4,968.3,209.5,641.3,122.4,409.6,832.5,579.1,820.0,63.27
1.867,670.0,967.8,210.4,641.7,122.8,410.1,831.5,579.4,819.0,64.08
1.933,669.6,968.3,211.3,641.1,122.4,410.4,830.4,580.3,820.4,65.83
2.000,669.5,967.4,212.2,642.8,123.3,410.5,830.3,581.2,820.7,63.75
2.067,670.0,966.5,212.5,642.4,122.4,410.5,830.9,580.7,820.3,63.69
2.133,669.4,966.1,211.8,642.8,122.2,410.3,830.6,580.4,821.7,64.79
2.200,669.8,966.1,210.6,642.2,122.9,411.7,830.2,580.3,821.8,65.15
2.267,670.0,965.6,211.6,640.7,122.6,411.4,828.9,580.2,822.1,65.45
2.333,670.1,966.2,211.3,640.2,123.1,410.9,829.0,580.8,822.2,64.25
2.400,670.4,966.4,211.1,640.4,123.8,411.3,829.6,580.8,821.4,63.52
2.467,671.6,966.8,211.6,640.5,124.3,411.4,829.9,580.4,820.8,63.27
2.533,672.9,966.9,211.0,640.4,124.0,411.7,830.0,582.0,820.0,63.67
2.600,672.9,965.9,212.6,640.5,123.6,411.4,830.1,582.9,819.3,62.43
2.666,673.0,965.8,212.0,641.0,123.2,412.2,829.4,584.2,819.3,62.80
2.733,672.8,965.7,212.3,640.6,123.2,412.4,829.0,584.6,820.2,64.31
2.800,673.7,965.9,211.0,641.6,124.4,412.0,829.3,584.3,820.1,65.52
2.866,674.1,965.7,211.9,642.6,123.9,413.3,830.3,583.8,820.6,66.24
2.933,674.6,965.2,213.6,643.2,123.9,413.2,831.0,585.6,820.1,66.54
3.000,674.7,966.0,213.5,641.9,123.3,412.1,832.2,584.9,822.0,67.31
3.066,674.8,965.3,213.1,642.0,122.9,413.4,831.8,585.5,821.2,66.49
3.133,675.6,967.1,213.7,642.4,123.9,414.3,832.4,585.4,821.5,67.03
3.200,675.7,966.5,213.9,642.9,122.9,414.5,832.6,585.6,821.2,67.08
3.266,676.2,967.3,213.5,642.0,122.2,413.0,832.8,586.5,822.1,66.96
3.333,675.4,967.2,214.0,640.8,121.8,412.4,831.9,588.1,822.6,66.63
3.400,675.1,967.2,214.6,641.6,122.6,411.6,832.8,587.7,821.8,66.11
3.466,673.9,967.6,214.8,642.2,122.1,412.9,833.6,588.9,821.0,65.47
3.533,674.0,967.9,214.8,641.9,122.0,412.6,834.4,589.0,821.6,65.13
3.600,674.4,968.4,214.0,642.2,122.7,412.2,833.7,588.5,821.5,65.57
3.666,674.2,967.8,213.9,642.4,122.5,412.9,833.5,589.7,821.7,65.02
3.733,675.9,968.1,214.2,642.1,123.0,412.3,834.5,588.9,821.4,65.55
3.800,676.7,968.9,214.5,642.7,122.5,412.5,834.8,589.6,821.7,64.62
3.866,676.4,969.0,214.2,642.3,123.3,411.3,835.0,591.0,822.1,64.83
3.933,676.2,968.6,214.8,642.9,124.2,412.5,835.2,590.6,822.7,63.77
4.000,676.2,968.8,214.9,643.2,124.3,412.5,835.1,591.8,822.9,63.77
4.066,677.9,969.1,215.1,641.9,124.9,412.6,835.4,591.8,823.1,62.95
4.133,678.3,968.6,214.2,642.6,125.3,412.4,835.8,593.8,823.3,62.09
4.200,678.0,969.0,214.7,643.0,125.2,412.6,835.1,593.9,823.0,62.75
4.266,677.8,969.3,215.3,643.7,125.3,411.4,835.2,593.3,822.6,62.63
4.333,678.5,968.3,213.9,644.6,125.7,411.1,834.7,592.2,822.8,62.60
4.400,678.4,968.2,213.8,645.9,125.3,411.6,835.0,592.3,821.5,62.16
4.466,677.7,967.3,213.7,646.0,125.5,410.4,834.8,591.7,822.8,63.19
4.533,677.7,967.5,214.3,645.1,124.6,409.7,835.0,592.1,822.5,63.36
4.600,678.7,968.9,214.2,644.4,124.8,409.5,835.0,591.9,822.5,62.44
4.666,678.5,969.9,213.9,644.4,123.6,408.9,835.0,591.5,822.9,61.77
4.733,677.2,969.4,214.2,644.3,123.6,409.6,834.9,592.0,823.0,60.40
4.800,677.0,968.7,214.1,644.4,124.6,408.8,834.9,592.6,823.2,60.46
4.866,676.9,968.7,214.6,644.5,124.5,408.4,835.0,593.1,823.0,60.41
4.933,678.5,969.5,215.3,644.8,125.2,408.9,835.3,593.8,822.6,59.83
5.000,679.1,969.3,216.0,645.6,125.4,408.3,835.6,593.6,821.8,58.56
5.066,679.5,968.6,215.3,643.9,124.5,408.6,836.6,594.5,822.7,58.71
5.133,679.6,968.2,216.7,645.6,123.4,408.7,837.1,594.0,822.1,58.58
5.200,680.6,968.6,215.9,645.1,124.4,408.9,837.1,595.2,823.3,58.05
5.266,681.5,969.1,216.4,644.7,124.4,408.1,836.6,596.9,823.4,58.80
5.333,682.4,969.5,215.6,645.3,124.4,408.5,836.2,596.5,822.7,58.35
5.400,681.9,968.3,215.5,645.7,124.7,409.4,836.3,596.8,823.2,59.31
5.466,681.2,967.9,216.0,646.1,124.9,410.6,835.3,597.2,822.8,59.39
5.533,680.8,968.4,215.6,646.1,125.2,411.3,834.5,596.5,824.0,60.65
5.600,681.2,968.8,214.2,647.0,125.0,412.8,834.7,597.3,824.6,59.87
5.666,679.5,969.4,213.6,645.9,125.5,413.5,835.1,596.9,824.8,59.60
5.733,680.7,968.7,212.8,646.6,126.1,414.5,835.7,598.0,824.9,59.73
5.800,680.5,968.3,213.3,647.2,125.4,414.2,835.9,598.4,825.7,60.52
5.866,680.7,968.2,215.1,646.5,124.2,414.8,835.9,597.0,826.2,61.59
5.933,680.8,969.0,214.3,647.3,125.1,415.6,836.8,597.6,825.5,62.74
6.000,681.0,969.6,213.0,646.8,125.2,415.6,836.9,597.5,825.3,62.60
6.066,680.1,969.6,213.7,646.8,125.4,415.3,836.2,598.1,826.3,62.26
6.133,679.5,971.2,214.0,646.0,125.2,414.8,834.6,597.8,827.2,63.93
6.200,679.4,971.1,214.2,644.8,124.9,414.3,835.6,599.8,825.9,63.39
6.266,679.3,971.5,214.6,644.2,125.9,415.0,836.6,599.1,825.8,63.94
6.333,679.0,970.7,214.3,644.6,126.2,415.8,836.2,598.1,824.9,62.75
6.400,678.9,970.7,214.5,644.8,126.5,415.2,835.9,598.6,824.0,62.54
6.466,679.3,970.5,215.2,646.5,126.5,415.8,835.3,598.9,823.8,62.66
6.533,678.9,970.7,215.1,646.1,127.1,415.1,834.6,600.5,825.5,63.57
6.600,679.4,971.3,216.2,644.4,126.6,415.8,834.6,600.6,826.2,64.31
6.666,679.2,971.0,215.4,644.4,125.8,415.9,835.2,599.6,826.9,64.99
6.733,679.2,970.5,214.6,644.7,125.7,414.9,835.7,600.3,825.2,65.04
6.800,678.8,970.5,213.9,646.3,126.0,415.3,836.6,600.5,825.4,66.17
6.866,678.6,971.0,214.1,646.1,125.9,415.3,836.6,599.7,826.1,65.78
6.933,680.1,970.5,212.8,645.5,126.5,415.9,836.5,599.7,827.3,65.70
7.000,680.3,970.5,213.3,646.3,126.2,415.9,837.1,599.6,828.1,67.36
7.066,679.8,969.7,214.1,647.0,127.0,421.0,837.1,599.3,828.0,68.00
7.133,679.6,971.3,214.2,647.3,125.5,419.5,836.2,600.8,827.0,69.00
7.200,679.8,970.0,214.2,647.2,126.1,420.5,836.2,601.2,827.8,70.10
7.266,680.2,969.9,215.1,647.6,126.9,420.3,837.2,599.7,827.5,68.35
7.333,679.7,969.3,214.1,649.9,126.3,420.1,835.5,600.9,828.4,68.21
7.400,679.1,968.4,215.3,649.7,125.4,420.1,835.2,600.9,828.3,68.99
7.466,679.4,967.1,214.8,649.1,125.4,421.7,834.1,600.8,828.3,68.11
7.533,679.7,966.3,217.0,648.9,125.1,422.5,833.5,599.7,828.3,67.89
7.599,680.9,965.3,216.9,649.1,124.7,422.4,833.7,599.6,828.9,69.04
7.666,681.7,965.7,216.8,648.9,125.3,423.3,834.5,601.0,829.1,68.18
7.733,682.3,966.4,216.9,648.8,124.8,424.2,833.2,600.6,830.1,68.11
7.799,683.7,965.6,217.4,649.0,124.2,424.6,832.1,600.8,830.4,66.37
7.866,683.5,965.2,217.5,648.6,124.3,424.7,832.2,599.8,829.6,65.93
7.933,684.4,963.5,218.9,649.9,123.9,424.8,832.1,599.0,829.7,65.58
7.999,684.1,964.0,219.1,649.8,122.8,424.4,832.3,600.0,829.0,65.70
8.066,684.1,963.1,219.6,649.6,122.3,424.1,832.8,601.2,829.3,66.23
8.133,684.3,963.5,220.5,650.2,121.7,423.9,832.7,602.4,829.0,66.88
8.199,684.2,963.8,220.2,650.0,122.4,424.1,831.8,603.8,828.1,67.14
8.266,685.0,964.1,219.9,649.8,122.2,425.5,833.2,604.5,828.1,68.00
8.333,685.2,964.3,220.5,649.7,122.6,425.6,833.2,605.3,829.3,68.66
8.399,683.9,964.3,220.6,650.6,122.1,424.8,831.8,604.1,829.0,68.08
8.466,683.8,963.7,221.0,652.2,123.0,423.5,832.9,603.1,829.4,68.52
8.533,684.5,964.1,219.6,652.7,123.3,423.9,833.2,602.7,830.2,68.50
8.599,684.7,964.8,219.3,653.4,123.3,424.6,834.7,603.2,832.0,69.85
8.666,684.4,965.6,219.2,653.9,123.2,425.4,835.6,603.4,831.6,71.48
8.733,683.7,965.6,218.8,654.3,123.6,425.2,836.2,603.2,830.4,71.75
8.799,684.4,965.2,219.4,654.7,124.1,425.8,835.9,603.2,829.5,72.26
8.866,683.7,964.9,218.0,656.2,125.0,424.8,835.2,603.5,830.0,72.56
8.933,683.5,965.3,218.6,657.2,125.4,424.3,834.4,603.9,830.1,73.44
8.999,682.9,966.3,218.9,657.2,125.8,424.3,833.3,604.1,830.1,72.97
9.066,683.0,965.7,219.8,657.6,125.0,424.6,833.7,605.0,830.3,72.77
9.133,683.4,965.5,220.4,656.1,125.1,425.1,835.0,604.3,830.7,73.65
9.199,683.1,964.7,220.9,656.2,126.8,426.3,835.4,603.9,830.5,73.19
9.266,682.9,965.0,221.5,655.4,127.1,428.4,834.8,604.4,831.4,74.09
9.333,683.4,965.1,221.3,654.9,127.3,427.4,834.2,605.1,831.1,73.88
9.399,683.1,965.2,220.7,655.4,126.6,427.8,833.9,604.8,831.1,74.71
9.466,683.4,965.2,222.5,654.9,125.1,428.2,833.8,605.0,831.9,74.77
9.533,682.6,965.1,223.3,655.1,123.9,429.6,833.5,605.4,831.8,74.00
9.599,682.5,965.1,222.9,656.0,122.9,429.4,834.6,605.3,833.6,73.53
9.666,682.8,966.0,222.3,655.4,122.5,428.7,836.3,605.9,833.3,73.44
9.733,682.8,966.8,222.1,656.1,121.7,428.3,836.1,605.7,832.8,73.18
9.799,684.2,966.5,222.6,657.4,121.8,428.9,835.9,606.3,832.9,72.67
9.866,683.2,965.8,222.9,657.1,121.3,427.9,836.3,607.3,833.8,73.30
9.933,683.4,966.5,222.3,657.6,121.5,427.3,836.4,608.9,834.2,71.89
9.999,683.3,966.7,220.4,658.8,121.4,426.1,835.7,610.1,834.2,71.50
10.066,683.6,965.7,221.1,659.0,121.3,426.6,837.0,611.0,834.3,70.76
10.133,684.0,966.6,219.7,658.5,120.8,425.9,837.4,610.0,834.9,70.57
10.199,683.5,966.9,219.7,659.9,119.9,426.5,835.4,611.0,834.8,69.72
10.266,685.1,967.5,219.2,659.7,119.7,425.8,835.2,611.0,835.4,70.42
10.333,685.7,966.3,218.7,659.2,119.1,425.4,835.6,611.4,835.5,68.90
10.399,686.2,965.9,219.1,658.9,119.2,424.7,835.2,611.0,835.9,68.87
10.466,685.9,965.9,219.8,659.1,118.7,423.8,834.8,611.0,835.1,69.99
10.533,685.6,965.7,220.5,659.1,118.0,424.0,833.9,610.9,835.8,69.68
10.599,685.7,965.9,220.8,659.5,118.4,424.3,835.4,609.9,836.4,71.49
10.666,685.6,965.4,221.1,660.1,117.7,424.9,836.0,609.5,835.6,70.99
10.733,686.0,965.9,221.0,661.1,119.3,424.3,836.0,610.3,836.1,71.13
10.799,685.4,965.7,220.5,660.0,119.3,424.4,836.0,610.2,836.7,72.11
10.866,684.5,966.8,220.2,660.5,119.8,425.0,835.8,610.3,837.3,72.00
10.933,685.2,966.6,220.1,661.8,119.5,425.8,835.9,610.9,835.6,71.40
10.999,685.0,965.8,220.1,662.1,120.3,425.2,835.7,613.3,835.5,70.76
11.066,684.7,967.1,220.1,661.0,119.9,426.9,835.9,614.0,836.2,71.39
11.133,685.5,966.9,220.7,661.0,119.4,426.9,836.7,613.7,835.6,71.15
11.199,686.4,967.7,220.6,661.6,119.8,425.8,836.7,614.4,837.0,71.55
11.266,687.3,966.4,221.6,660.8,119.5,425.6,838.2,614.3,836.3,71.87
11.333,687.4,965.9,220.1,661.4,120.3,426.5,839.2,614.7,836.2,71.92
11.399,687.6,964.9,220.4,661.2,121.1,427.9,838.8,615.6,836.2,71.11
11.466,688.1,965.9,220.1,661.7,121.5,426.8,839.0,615.9,836.0,70.35
11.533,687.6,967.0,219.9,661.3,121.9,426.9,838.6,616.9,835.8,69.64
11.599,687.8,967.2,220.2,661.4,121.6,426.1,839.0,616.5,836.8,70.69
11.666,688.1,966.8,219.7,661.3,122.8,426.3,838.8,617.1,836.0,69.97
11.733,688.2,968.4,220.0,660.8,121.1,428.0,839.6,617.3,836.6,69.18
11.799,687.5,967.1,219.9,661.8,121.9,426.7,839.9,617.5,836.7,68.83
11.866,687.3,967.4,220.3,661.1,122.5,426.6,838.9,618.9,836.9,68.69
11.933,687.3,967.6,219.2,661.3,123.1,426.7,839.6,618.7,836.8,69.18
11.999,687.3,967.4,219.3,660.8,124.5,426.4,838.6,619.3,836.5,68.00
12.066,686.5,966.9,218.6,661.0,124.7,427.2,839.1,619.8,837.0,68.69
12.133,686.3,966.6,219.2,661.6,123.8,426.7,838.5,620.4,838.0,68.39
12.199,686.6,967.8,217.9,662.0,123.4,426.1,838.1,619.9,838.9,68.47
12.266,687.0,968.0,218.0,662.4,122.6,427.7,837.9,620.2,838.8,67.85
12.333,686.8,967.4,217.4,662.8,122.5,429.2,837.9,620.1,839.3,67.39
12.399,687.7,967.5,217.6,663.0,122.7,430.9,839.0,618.4,839.6,68.26
12.466,687.2,966.9,218.2,662.9,121.9,431.7,839.1,617.5,840.5,68.45
12.532,688.5,967.3,217.1,662.6,121.5,430.6,839.4,617.9,840.0,68.65
12.599,689.4,967.9,218.2,662.2,120.0,432.3,838.9,618.9,840.7,68.96
12.666,689.6,967.7,218.5,662.0,120.2,434.1,838.9,619.1,841.3,69.18
12.732,690.3,967.5,218.1,661.9,120.7,435.1,839.9,619.2,840.8,68.76
12.799,689.7,967.9,218.7,662.2,121.4,435.0,840.0,620.0,840.9,68.80
12.866,690.6,967.2,218.9,662.9,122.4,434.8,839.5,620.3,841.0,69.37
12.932,692.0,967.6,221.1,662.9,122.5,434.8,839.9,619.2,840.6,70.92
12.999,692.5,967.7,221.4,663.5,121.1,435.8,841.0,619.2,840.4,70.74
13.066,692.5,968.8,221.2,663.6,121.7,435.2,842.0,619.5,840.4,71.82
13.132,693.1,969.2,220.3,663.4,121.8,435.6,841.6,620.7,839.6,72.22
13.199,693.7,970.0,218.9,663.0,121.2,435.5,841.8,622.8,839.5,71.10
13.266,692.8,969.4,218.3,663.0,121.5,436.3,841.8,622.9,841.0,70.15
13.332,692.3,969.5,218.2,662.7,121.7,436.3,843.1,622.8,842.5,69.87
13.399,691.8,970.6,217.0,663.2,121.5,436.9,842.6,624.0,841.8,68.55
13.466,691.8,970.3,216.3,663.7,121.4,437.1,843.3,624.8,842.6,68.98
13.532,692.9,969.6,216.9,664.6,121.3,437.7,843.6,625.1,844.1,69.38
13.599,693.5,969.8,217.8,664.7,121.0,436.9,844.3,625.4,843.3,68.68
13.666,692.2,970.4,217.3,664.2,122.6,436.4,844.1,624.9,842.2,69.26
13.732,692.1,969.2,218.2,664.9,122.2,434.9,845.0,625.5,842.9,69.70
13.799,692.7,969.4,218.4,664.7,122.4,434.4,844.8,625.1,842.7,69.60
13.866,693.6,969.7,218.4,665.1,122.6,434.7,844.4,624.6,841.6,68.75
13.932,693.3,970.2,217.8,665.1,122.6,434.1,844.0,624.9,840.8,69.18
13.999,692.6,970.6,217.2,666.4,123.7,434.5,845.2,624.3,839.8,68.25
14.066,692.3,972.0,218.0,665.9,123.9,434.5,844.6,624.6,841.0,68.25
14.132,691.9,970.7,217.3,666.8,123.2,434.2,845.4,624.0,841.0,68.57
14.199,691.4,970.6,217.9,667.0,124.1,434.8,844.1,623.3,841.4,68.25
14.266,691.6,970.9,219.0,668.9,124.6,434.5,843.4,622.2,840.2,67.17
14.332,692.2,970.3,226.5,671.5,124.5,434.6,842.1,623.3,839.7,66.71
14.399,692.0,969.9,226.8,671.6,124.9,435.4,840.0,624.6,839.8,66.82
14.466,691.9,969.7,225.4,671.5,124.4,436.1,839.8,624.8,840.8,67.07
14.532,692.5,970.2,225.9,671.4,124.6,435.3,839.8,626.0,842.0,68.35
14.599,692.3,970.3,225.7,671.7,123.7,436.6,838.8,625.1,840.8,68.19
14.666,691.2,970.5,224.6,670.2,123.1,436.3,839.3,625.7,840.0,67.96
14.732,691.2,969.2,226.0,671.1,121.9,435.8,839.5,626.7,839.9,67.91
14.799,691.5,968.4,224.4,672.6,122.3,435.1,839.8,626.2,839.3,67.66
14.866,691.1,968.3,224.5,672.1,122.2,435.7,839.0,626.2,839.6,67.27
14.932,690.3,968.3,224.0,671.5,122.5,435.5,839.1,626.9,839.0,66.13
14.999,689.5,968.2,224.6,672.4,122.9,435.5,839.7,626.9,838.9,66.31
15.066,689.2,968.1,223.9,673.6,121.8,436.0,840.9,625.8,838.6,65.84
15.132,689.1,969.4,223.7,673.6,121.7,435.4,841.2,626.9,839.2,65.53
15.199,690.5,968.5,224.6,673.5,121.2,435.5,840.8,626.6,840.0,66.12
15.266,691.5,970.1,224.5,673.1,120.6,435.3,840.2,626.4,839.4,65.67
15.332,691.4,969.7,224.5,675.3,120.5,435.3,840.0,625.5,838.6,65.66
15.399,691.0,969.5,225.8,676.8,120.7,434.5,839.9,626.2,839.7,65.67
15.466,692.1,968.3,226.2,677.1,120.1,435.6,839.9,625.7,839.6,65.95
15.532,691.7,968.0,225.8,676.5,120.6,435.4,840.0,625.4,839.6,65.09
15.599,691.2,967.9,225.4,676.2,120.3,435.5,839.7,624.9,840.3,65.62
15.666,692.1,969.2,224.6,676.1,121.3,435.9,839.7,625.4,840.7,67.11
15.732,691.7,969.3,225.1,674.8,121.6,435.5,839.6,625.1,840.7,67.16
15.799,692.0,969.4,226.3,674.7,121.7,434.3,840.2,624.0,840.5,67.89
15.866,692.6,969.6,226.7,675.6,122.2,434.9,838.4,623.9,840.1,68.94
15.932,692.1,970.5,227.8,675.1,122.4,434.7,839.6,624.1,839.6,67.44
15.999,691.9,970.4,227.4,675.5,121.7,434.2,839.5,623.1,840.2,66.17
16.066,690.8,969.3,228.1,676.6,120.9,434.8,840.6,622.7,839.8,65.78
16.132,691.8,969.1,228.9,676.7,120.7,435.3,841.7,623.0,839.5,66.27
16.199,691.7,969.9,228.2,676.7,120.5,435.5,842.4,623.7,839.7,65.77
16.266,692.1,970.8,227.9,676.7,120.7,435.4,842.3,623.6,839.9,66.76
16.332,691.8,970.9,227.5,675.9,120.5,435.4,841.9,624.2,839.7,67.98
16.399,692.1,972.0,227.2,674.9,121.3,435.5,841.6,622.0,838.7,68.35
16.466,691.3,970.8,227.9,674.7,121.0,435.5,843.2,620.9,839.0,68.06
16.532,691.2,970.6,227.3,675.0,120.1,435.8,843.1,620.9,839.2,66.98
16.599,692.3,970.0,227.5,676.0,120.6,435.4,842.8,620.8,839.1,68.38
16.666,692.4,970.3,227.8,675.6,119.8,436.0,842.6,621.0,838.8,68.15
16.732,692.3,970.0,228.3,675.3,119.5,436.2,843.4,621.0,838.9,68.23
16.799,692.6,970.0,227.2,674.6,121.3,436.2,843.0,620.2,839.0,68.21
16.866,693.7,969.0,227.3,674.5,122.0,435.5,842.9,621.2,838.9,67.61
16.932,693.9,968.6,227.9,674.5,122.4,435.4,843.5,623.1,838.8,67.40
16.999,694.2,969.0,227.7,675.3,123.6,436.0,842.3,623.5,838.5,66.97
17.066,693.9,968.6,228.5,673.3,122.3,436.6,842.0,624.2,839.0,67.74
17.132,694.1,969.4,229.4,673.0,121.3,436.6,842.7,623.3,839.6,67.90
17.199,694.6,970.1,229.7,672.9,120.8,435.7,842.4,622.0,840.8,68.69
17.266,695.6,970.1,230.4,673.2,120.9,435.3,841.6,622.1,840.5,68.71
17.332,696.6,970.8,230.6,673.1,121.6,435.4,841.0,622.5,840.7,69.23
17.399,695.6,971.3,230.9,672.8,120.8,435.9,840.3,622.4,841.9,69.37
17.466,695.4,971.6,231.6,672.9,121.5,435.4,839.3,620.1,842.4,69.61
17.532,695.9,970.7,231.6,673.1,121.4,435.0,838.4,620.0,842.3,70.10
17.599,696.5,970.7,231.4,674.4,121.3,435.2,838.1,620.9,842.8,71.25
17.665,695.8,970.8,233.2,673.8,120.7,434.5,838.0,621.3,843.1,71.73
17.732,695.6,970.7,233.5,673.8,120.5,434.3,839.6,620.7,843.5,72.29
17.799,695.1,969.6,233.5,673.0,120.6,434.5,840.5,621.9,843.7,70.51
17.865,695.7,970.5,233.3,673.5,120.1,433.5,840.0,622.1,844.5,71.04
17.932,695.8,971.1,232.1,672.9,121.2,433.1,839.5,622.3,845.1,70.91
17.999,695.0,970.3,232.3,672.3,121.7,433.5,840.5,621.2,845.4,70.67
18.065,694.0,969.9,232.1,673.1,121.6,432.9,839.9,621.3,845.0,71.80
18.132,693.7,969.1,232.1,672.7,121.5,432.5,839.8,621.0,844.3,71.77
18.199,693.3,969.8,231.5,672.8,121.8,431.8,841.3,622.1,843.8,71.41
18.265,693.4,969.8,231.6,673.1,121.7,431.9,840.8,621.7,844.6,70.63
18.332,693.3,971.5,232.1,672.9,121.6,431.7,841.0,621.8,845.4,70.57
18.399,693.6,971.8,231.5,672.5,121.6,431.9,840.3,623.1,844.8,70.75
18.465,693.2,971.4,231.0,672.8,121.4,432.2,839.5,622.1,843.6,71.17
18.532,693.7,970.5,230.7,672.1,121.1,432.2,840.3,620.8,843.6,71.03
18.599,694.1,971.5,230.5,672.5,121.1,433.1,839.9,620.6,844.0,72.19
18.665,693.8,971.2,230.1,673.4,120.2,433.4,841.1,621.2,843.4,72.07
18.732,694.4,971.3,229.7,672.6,120.0,433.3,841.0,621.1,842.6,72.13
18.799,693.6,971.1,228.4,672.4,119.8,433.8,840.5,621.4,843.9,71.98
18.865,693.4,970.3,227.2,671.8,120.1,434.4,840.5,622.6,845.0,72.92
18.932,692.3,970.4,228.4,672.2,119.9,434.8,839.7,623.9,845.1,73.06
18.999,692.7,969.2,229.4,673.0,119.4,433.8,839.9,623.7,845.0,73.39
19.065,693.8,969.9,229.4,673.7,119.2,434.1,840.6,624.1,845.1,73.88
19.132,694.1,970.3,228.9,674.5,119.5,434.6,840.0,624.3,844.7,75.41
19.199,694.9,971.0,228.5,676.0,120.0,434.7,839.9,624.1,844.8,75.11
19.265,695.7,970.8,228.5,676.5,119.6,434.5,839.6,623.8,845.0,74.87
19.332,696.4,970.8,229.5,675.9,119.2,434.6,839.2,623.8,845.1,74.89
19.399,695.6,971.1,231.0,675.7,119.1,433.7,838.8,623.1,845.6,75.07
19.465,695.8,971.0,233.2,673.8,118.9,432.4,838.9,622.8,846.6,74.62
19.532,694.3,970.4,233.9,673.3,119.2,432.4,839.0,622.5,846.2,74.39
19.599,694.7,969.5,233.5,672.1,120.3,433.6,838.5,623.4,845.9,74.69
19.665,695.3,969.2,234.4,672.3,120.6,433.2,839.1,623.7,845.8,74.76
19.732,696.0,969.0,234.1,673.0,119.9,432.5,839.2,623.8,845.8,74.56
19.799,696.6,969.2,233.7,671.7,119.1,432.9,838.6,624.7,846.2,74.60
19.865,696.4,969.6,233.1,672.5,119.5,434.3,838.9,625.2,844.8,74.74
19.932,696.6,970.9,232.6,672.7,119.5,435.2,839.3,624.9,845.0,75.69
19.999,696.8,971.2,234.2,672.9,118.8,435.1,839.8,625.8,844.2,76.56
20.065,697.2,970.5,233.9,673.4,118.2,435.7,839.3,626.4,844.2,75.67
20.132,697.1,971.4,234.3,673.8,118.5,435.4,838.1,626.1,843.9,76.04
20.199,696.5,970.1,234.8,674.2,119.0,435.6,838.0,626.6,844.2,75.25
20.265,695.8,969.9,234.2,673.3,118.9,436.8,837.5,627.7,844.1,75.37
20.332,695.8,969.5,234.7,672.9,118.4,437.0,837.6,627.3,844.5,75.88
20.399,696.8,968.8,234.0,671.6,117.3,436.8,837.9,627.3,845.3,74.95
20.465,698.1,968.3,234.5,670.7,116.3,436.2,836.2,627.2,844.7,74.40
20.532,698.2,967.9,235.0,671.0,116.3,436.6,835.5,627.0,845.1,73.44
20.599,697.6,967.2,234.9,670.4,115.4,436.6,835.4,626.5,845.3,73.15
20.665,696.2,966.0,235.2,670.8,115.3,436.9,834.5,627.1,844.6,72.74
20.732,695.6,966.0,235.5,670.9,114.6,437.2,834.5,626.9,845.7,73.51
20.799,695.7,964.9,236.5,671.7,114.4,437.8,834.1,626.8,846.7,73.71
20.865,695.8,964.5,237.0,671.2,114.9,437.1,834.8,626.9,846.8,74.64
20.932,694.7,965.9,236.9,671.4,115.4,438.2,834.7,627.2,847.8,74.38
20.999,695.3,966.2,236.6,671.5,115.4,438.1,835.2,628.3,847.9,73.56
21.065,694.9,966.6,236.7,670.6,116.4,438.7,835.0,627.7,848.1,74.19
21.132,694.7,966.3,235.6,669.8,117.7,438.5,834.7,626.8,847.7,74.33
21.199,694.5,966.1,235.4,669.3,117.8,438.7,835.3,627.3,848.2,73.82
21.265,695.0,965.5,235.3,670.8,117.9,438.4,835.9,627.9,846.8,73.68
21.332,694.8,965.5,234.5,671.8,116.7,438.4,837.2,627.5,846.4,75.03
21.399,694.8,965.4,234.2,672.2,116.5,437.4,837.0,628.5,846.7,75.83
21.465,695.3,965.1,233.8,671.7,116.3,436.6,837.2,627.6,846.1,76.02
21.532,694.7,964.6,233.6,670.9,117.2,437.2,836.7,628.2,846.2,76.13
21.599,693.6,964.8,232.9,670.1,117.3,437.6,836.8,628.6,846.0,76.22
21.665,694.7,965.5,232.4,670.3,117.8,436.6,836.5,627.8,846.2,75.95
21.732,695.0,965.2,233.5,670.8,117.7,434.8,836.6,628.2,847.4,75.99
21.799,696.3,965.7,234.7,669.2,117.5,434.8,837.0,628.1,847.1,75.62
21.865,695.9,965.6,235.0,668.5,118.3,435.4,837.2,626.0,847.9,75.44
21.932,696.1,966.4,234.9,668.5,118.2,434.6,837.5,625.5,848.5,75.11
21.999,696.3,965.9,235.1,668.9,118.8,433.6,837.7,625.2,850.1,73.23
22.065,696.4,966.9,234.9,667.6,118.2,433.4,836.9,624.4,850.9,73.07
22.132,695.7,967.0,234.0,668.3,118.6,432.2,836.2,624.6,851.4,73.26
22.199,696.6,967.3,233.9,668.5,118.3,431.8,835.6,624.7,850.8,74.10
22.265,697.0,966.8,233.5,668.8,118.3,432.1,835.7,625.8,850.2,74.34
22.332,697.3,965.7,232.5,667.7,119.3,431.6,835.3,626.2,849.9,74.02
22.399,697.1,966.1,232.5,668.5,120.0,431.4,833.5,621.5,849.9,73.39
22.465,697.6,967.4,231.6,669.3,120.2,432.8,834.4,621.6,849.8,73.30
22.532,697.9,967.0,231.1,670.6,120.8,432.8,833.7,621.6,849.2,72.37
22.598,698.1,967.2,231.7,671.1,119.9,433.1,833.5,621.7,849.1,71.24
22.665,698.0,967.0,232.0,671.6,120.3,431.9,833.7,621.2,849.7,72.27
22.732,697.5,966.7,232.5,671.6,120.3,431.1,833.6,620.9,850.5,72.33
22.798,697.7,967.6,232.0,671.4,120.2,431.3,834.1,621.2,851.0,71.97
22.865,697.2,967.1,231.7,671.4,120.4,431.9,833.8,621.7,850.9,73.01
22.932,697.7,965.9,231.5,670.8,120.5,432.7,833.1,621.6,851.2,73.04
22.998,697.7,966.5,230.6,671.1,120.5,431.7,833.6,622.2,851.5,72.94
23.065,698.4,966.4,230.2,671.5,121.8,430.9,833.8,622.1,852.8,73.56
23.132,697.9,966.3,230.4,670.7,121.3,429.1,833.2,622.3,853.4,73.44
23.198,697.3,966.2,231.4,670.7,120.9,429.5,833.4,621.5,853.6,73.19
23.265,697.0,966.2,231.6,670.3,120.8,430.8,833.2,621.3,854.0,72.96
23.332,696.9,966.5,231.0,670.5,120.3,430.9,834.4,622.0,853.7,72.76
23.398,696.9,967.9,230.6,671.3,120.2,430.2,834.3,622.2,852.0,72.22
23.465,697.0,968.1,231.4,671.7,120.0,431.0,834.7,621.8,851.2,72.41
23.532,696.7,968.0,231.8,670.6,120.3,431.2,834.5,621.9,850.7,73.18
23.598,695.9,968.2,231.2,671.0,118.2,432.8,834.3,622.8,851.8,73.48
23.665,695.6,968.9,231.4,670.7,118.9,432.9,834.3,622.8,851.8,73.06
23.732,696.2,969.0,231.7,669.6,118.7,432.8,835.1,622.0,852.0,73.74
23.798,696.2,969.1,231.1,669.7,118.1,432.5,834.8,622.3,851.7,74.39
23.865,695.7,969.8,231.4,669.6,118.7,432.3,834.0,622.7,851.7,74.87
23.932,695.7,969.8,232.1,670.5,118.3,432.4,834.3,622.8,851.4,74.71
23.998,696.1,969.7,232.2,670.7,118.8,432.4,834.3,622.8,851.3,74.83
24.065,695.8,970.1,232.5,670.5,118.5,432.8,835.5,623.3,851.1,74.42
24.132,696.0,972.3,232.3,670.2,117.8,432.0,837.0,622.4,850.7,75.42
24.198,696.6,971.6,231.7,670.3,117.8,432.6,835.6,623.0,850.4,75.65
24.265,696.5,972.2,231.9,670.1,117.5,432.3,835.7,623.4,850.2,76.80
24.332,697.3,972.3,231.4,670.6,118.2,432.8,835.7,624.1,850.2,76.38
24.398,697.7,971.8,231.0,670.6,119.3,431.7,835.7,624.2,848.8,76.91
24.465,698.1,971.9,230.3,670.8,118.8,431.5,835.1,624.3,847.8,76.41
24.532,697.7,972.4,230.6,669.8,119.0,430.5,835.7,624.2,848.4,75.45
24.598,699.6,972.1,229.1,668.4,118.9,429.8,834.7,623.7,848.1,75.41
24.665,699.9,972.3,228.3,668.3,118.4,429.3,835.0,623.1,848.1,75.37
24.732,699.7,972.0,227.7,669.0,119.2,429.9,834.6,622.7,847.9,75.03
24.798,700.2,972.4,227.3,669.7,119.1,429.3,834.7,623.1,847.1,74.97
24.865,699.9,971.5,226.5,669.9,118.8,428.2,835.4,622.7,846.9,74.90
24.932,700.1,971.4,227.0,668.6,118.4,428.3,835.8,623.1,846.4,74.13
24.998,700.3,972.6,226.5,669.0,118.5,428.5,836.4,623.7,846.8,73.78
25.065,700.7,973.3,225.3,669.4,118.8,427.8,838.2,624.0,847.4,74.48
25.132,700.9,972.5,225.4,671.0,117.8,428.0,839.2,623.8,847.7,73.43
25.198,700.9,972.5,225.8,672.2,116.9,428.7,839.2,624.2,848.9,72.94
25.265,700.6,971.7,227.0,672.6,117.5,428.5,840.0,624.9,848.4,75.09
25.332,701.7,971.6,227.5,673.1,117.2,428.4,838.8,624.5,847.8,75.30
25.398,701.5,970.9,228.0,673.7,116.0,428.4,838.1,625.2,847.3,75.45
25.465,701.2,970.6,228.0,672.3,114.5,428.9,839.1,627.3,847.0,74.76
25.532,701.0,970.1,227.8,672.3,114.3,429.0,838.6,628.1,847.2,74.62
25.598,700.7,970.1,226.8,671.6,115.1,429.1,838.5,628.2,847.8,75.79
25.665,700.5,969.2,225.7,671.4,114.4,429.9,839.1,627.5,849.3,76.71
25.732,701.1,969.0,226.1,672.4,115.5,427.7,839.3,626.3,849.4,77.46
25.798,700.8,968.7,226.2,671.8,115.3,427.6,839.1,625.5,848.2,76.62
25.865,700.7,968.7,227.2,671.6,116.1,426.7,838.9,625.5,848.2,76.26
25.932,701.3,968.4,228.1,672.6,115.7,426.0,839.0,625.2,847.8,76.30
25.998,700.3,968.1,228.9,672.5,114.6,426.6,839.6,624.8,848.7,75.12
26.065,699.4,969.1,228.9,672.3,114.8,426.3,839.8,624.7,849.2,74.18
26.132,699.0,969.2,227.0,672.7,115.0,425.9,840.3,624.7,848.3,73.90
26.198,700.3,969.5,226.6,672.2,114.7,425.4,840.5,623.9,847.7,74.43
26.265,700.0,969.9,227.2,672.0,114.8,425.4,840.7,623.8,847.6,75.25
26.332,699.8,970.1,226.2,671.9,116.0,425.5,840.3,624.7,848.6,75.35
26.398,699.9,970.4,225.3,672.2,117.3,425.8,840.4,624.5,849.7,74.86
26.465,700.8,970.3,224.8,671.2,118.6,425.0,841.1,625.1,850.4,75.01
26.532,701.3,970.3,224.1,672.2,118.8,424.5,841.5,625.2,849.8,75.84
26.598,701.4,969.8,225.0,672.5,117.6,424.8,842.0,625.5,850.4,75.42
26.665,701.2,969.9,223.9,672.4,117.9,426.0,841.8,625.2,849.9,74.84
26.732,701.3,969.2,223.5,673.2,118.4,425.2,843.2,625.4,850.3,76.20
26.798,700.9,970.3,222.7,673.1,117.2,426.1,843.3,623.9,849.8,75.79
26.865,701.1,970.5,221.4,673.1,118.5,426.5,843.4,625.0,849.6,75.34
26.932,701.0,970.5,220.8,673.2,120.0,427.0,843.5,625.3,849.7,74.84
26.998,701.2,971.7,220.9,672.8,119.6,428.0,843.8,626.6,849.7,74.83
27.065,700.8,972.2,220.8,672.7,119.7,428.8,843.0,626.1,850.2,74.87
27.132,700.1,972.4,221.0,670.7,118.9,428.7,843.4,626.6,849.9,75.60
27.198,699.8,972.5,221.2,670.8,119.6,428.8,843.7,626.9,850.4,75.32
27.265,699.4,972.7,223.3,671.0,119.6,428.2,843.4,628.4,850.6,75.28
27.332,699.7,973.6,224.3,670.2,122.1,429.1,842.5,626.5,851.6,74.06
27.398,699.9,974.1,224.7,669.6,122.4,428.8,843.1,627.5,851.2,73.83
27.465,700.4,973.8,224.9,669.2,122.4,428.4,842.9,627.1,849.8,73.96
27.531,700.3,973.1,225.1,669.5,122.8,427.4,843.3,626.6,849.3,74.85
27.598,700.6,972.8,226.6,669.6,124.0,427.5,843.3,627.2,848.1,75.52
27.665,700.7,972.6,225.8,669.1,124.2,428.0,843.5,627.5,847.6,75.15
27.731,701.1,972.6,225.5,670.5,123.0,428.3,841.9,627.7,848.9,74.98
27.798,700.8,972.9,225.7,668.8,123.5,428.5,842.9,629.1,848.5,74.66
27.865,701.6,973.7,226.7,669.0,123.7,429.5,842.4,630.0,848.3,74.46
27.931,702.6,973.8,225.2,667.5,125.6,428.4,842.1,629.6,848.4,74.87
27.998,702.4,974.0,225.7,667.6,125.8,429.3,842.5,630.4,848.6,74.58
28.065,703.8,974.3,226.8,667.4,126.2,429.8,842.0,630.2,849.3,75.31
28.131,704.1,973.1,226.7,666.8,126.6,429.3,842.2,630.8,848.2,75.30
28.198,705.3,973.6,225.3,666.5,127.3,429.4,841.1,630.2,847.6,75.83
28.265,704.0,973.7,225.4,666.0,127.3,429.7,841.6,631.1,847.2,75.80
28.331,703.2,974.1,225.6,666.7,127.9,429.3,842.1,632.7,848.0,75.25
28.398,703.5,974.3,226.1,665.9,128.1,429.4,841.4,632.5,848.7,75.09
28.465,703.4,973.9,226.4,667.6,129.0,429.9,841.2,633.3,849.0,75.71
28.531,703.8,974.1,225.8,666.2,129.8,429.3,841.1,633.8,848.8,76.03
28.598,703.8,974.0,226.0,667.5,130.1,429.0,841.1,633.7,849.5,75.76
28.665,704.7,973.6,224.5,667.3,130.6,428.1,841.0,634.0,849.4,76.83
28.731,705.1,973.7,224.7,668.6,131.4,429.5,842.0,633.9,849.1,75.77
28.798,705.3,974.2,225.8,668.9,132.8,428.7,841.7,634.2,849.8,75.52
28.865,705.7,974.5,226.1,670.4,132.0,429.8,841.6,634.7,850.6,75.69
28.931,706.2,974.9,224.9,671.2,131.6,429.4,842.1,634.2,851.9,76.04
28.998,705.9,974.1,224.2,671.0,130.3,429.7,841.9,634.4,851.8,76.33
29.065,706.6,974.9,224.0,671.6,131.0,429.6,841.5,634.1,851.7,76.21
29.131,707.1,975.4,225.5,671.7,131.7,429.8,842.0,634.3,851.8,75.60
29.198,707.1,975.6,225.9,672.1,132.0,430.1,842.8,634.4,852.6,75.85
29.265,706.2,975.1,225.5,672.2,131.5,429.6,843.2,634.3,852.7,76.27
29.331,707.1,975.6,225.8,673.2,131.7,429.6,845.3,636.6,852.2,75.33
29.398,708.2,976.9,225.3,672.8,132.5,430.4,845.0,635.5,851.5,75.77
29.465,708.1,978.0,224.5,672.5,132.1,431.4,845.0,634.8,850.4,75.63
29.531,708.2,978.4,223.2,670.2,132.6,431.4,846.4,634.9,849.3,75.83
29.598,707.6,978.0,222.5,670.5,132.8,431.2,847.4,634.4,848.2,76.62
29.665,708.4,976.9,223.9,671.0,132.3,431.9,847.8,634.2,848.3,78.07
29.731,708.2,976.8,223.4,670.1,133.7,431.2,846.5,634.1,848.1,78.54
29.798,708.3,976.4,223.1,670.3,132.8,430.9,845.6,635.5,848.1,80.30
29.865,708.0,976.0,221.5,671.5,132.5,430.3,845.2,636.2,847.9,79.05
29.931,707.6,976.8,222.0,671.0,132.3,431.2,845.7,636.6,848.3,80.04
29.998,707.8,976.3,222.0,671.5,134.9,431.7,845.9,636.5,848.3,80.24
30.065,708.1,976.3,222.1,671.5,134.7,431.1,845.1,637.1,848.4,80.79
30.131,708.3,976.3,222.7,671.5,134.6,431.3,845.8,637.1,848.2,80.93
30.198,707.8,976.3,224.0,672.3,135.2,431.6,844.7,636.8,848.1,81.45
30.265,708.8,976.7,223.1,671.9,135.0,431.5,844.5,636.3,848.4,81.03
30.331,708.4,976.4,222.8,671.9,133.9,432.5,844.5,635.8,848.9,80.36
30.398,710.0,976.7,223.2,672.1,133.1,432.0,841.5,629.0,848.8,80.68
30.465,710.1,977.1,223.7,673.1,132.8,432.0,840.8,628.9,849.4,80.64
30.531,710.7,976.3,222.6,672.7,133.5,432.2,840.6,628.2,849.4,80.25
30.598,711.6,976.8,222.4,672.4,133.4,430.9,840.0,628.8,849.5,80.01
30.665,711.7,977.5,222.4,672.0,133.2,429.7,840.4,630.4,849.0,79.59
30.731,712.1,978.5,221.7,671.8,133.7,431.1,840.4,630.4,851.0,79.88
30.798,712.7,978.3,221.9,671.7,133.9,432.3,841.3,629.8,851.8,79.50
30.865,713.4,977.7,223.1,671.5,133.3,432.4,842.8,630.0,851.6,79.21
30.931,713.0,977.8,223.0,671.3,134.0,431.6,842.2,630.4,851.8,77.70
30.998,713.3,977.5,222.9,669.5,134.4,431.5,842.6,630.5,851.7,77.85
31.065,712.6,978.4,222.7,669.4,135.5,431.4,842.3,630.1,851.8,77.57
31.131,712.6,977.8,222.9,669.3,134.9,430.6,841.6,630.7,852.6,77.40
31.198,712.6,978.2,222.2,667.4,135.3,430.5,841.3,630.9,854.8,76.27
31.265,713.6,978.9,222.7,668.3,135.8,430.2,841.4,631.3,855.6,76.19
31.331,715.4,978.7,222.9,667.6,134.9,430.5,841.4,630.6,855.6,76.24
31.398,715.4,978.4,221.9,667.7,134.4,430.9,839.7,630.9,855.7,76.27
31.465,715.4,977.3,222.7,668.3,135.5,430.9,838.9,631.7,856.2,76.18
31.531,715.2,975.6,224.7,669.4,134.3,431.1,837.7,632.4,857.1,77.72
31.598,715.7,976.2,225.3,668.0,134.6,432.0,837.9,633.3,856.5,78.53
31.665,716.3,975.9,225.1,668.3,134.1,433.3,838.0,632.9,855.9,77.73
31.731,717.3,975.9,224.7,668.5,134.5,432.5,838.3,632.4,856.3,77.86
31.798,716.9,975.7,225.1,669.9,134.1,432.4,838.8,632.4,856.2,77.62
31.865,717.1,975.7,224.9,670.7,134.1,432.3,839.4,633.0,856.4,78.13
31.931,716.8,976.4,224.5,671.2,133.8,432.2,838.7,632.3,856.2,77.75
31.998,716.9,975.7,225.6,671.0,134.1,432.8,838.6,632.0,855.6,77.95
32.065,717.7,976.1,226.3,670.9,132.7,433.8,839.0,633.1,857.3,77.19
32.131,717.5,976.7,226.8,670.7,132.5,434.2,840.3,632.4,856.4,77.44
32.198,717.2,976.2,226.2,670.1,131.1,436.0,840.0,632.6,855.5,77.85
32.265,717.2,976.3,226.6,669.7,131.6,435.6,839.6,631.5,855.2,78.05
32.331,717.2,975.5,226.7,671.0,131.9,436.3,841.3,631.4,856.2,77.53
32.398,716.3,975.9,226.4,671.0,131.6,436.6,840.7,630.9,855.0,77.72
32.465,716.3,976.2,225.7,672.6,131.3,436.5,840.5,630.8,854.5,79.83
32.531,715.3,976.8,225.7,672.1,131.4,435.4,840.3,632.1,852.9,80.32
32.598,714.6,976.7,227.1,671.3,131.2,435.9,840.8,632.5,853.8,78.85
32.664,714.6,976.1,226.9,671.1,132.1,435.5,840.7,632.4,854.5,79.42
32.731,714.8,976.3,226.9,670.7,133.6,434.1,841.1,631.7,854.0,78.91
32.798,714.0,976.3,227.0,670.5,132.5,433.9,842.2,630.9,853.9,79.23
32.864,714.1,976.6,228.8,670.4,133.2,433.7,842.8,630.7,853.6,79.82
32.931,714.4,977.2,227.4,670.9,132.8,433.8,841.2,631.5,854.6,79.35
32.998,714.4,978.1,226.6,671.7,132.0,433.8,841.0,633.4,855.6,79.15
33.064,714.4,978.0,226.7,671.2,131.3,433.7,840.6,632.4,855.8,78.95
33.131,715.2,978.6,226.5,670.5,132.1,433.6,839.8,631.4,855.6,79.04
33.198,715.0,979.3,226.3,669.5,132.5,433.2,839.5,631.4,855.2,79.67
33.264,715.2,978.7,226.2,669.8,133.9,432.7,839.6,630.8,854.9,79.58
33.331,715.2,979.1,225.8,669.7,133.1,432.6,838.8,631.9,855.6,79.18
33.398,715.3,979.5,225.5,669.6,132.4,432.7,838.1,633.2,855.6,77.97
33.464,715.3,979.4,226.6,669.3,133.2,432.8,840.8,633.1,856.5,77.76
33.531,715.7,978.5,226.0,670.1,132.3,433.3,841.3,632.9,856.2,78.85
33.598,716.6,979.5,225.3,669.1,132.8,433.0,841.4,631.9,856.3,79.19
33.664,717.0,978.7,226.3,668.9,132.3,433.5,841.9,633.1,856.1,79.28
33.731,717.2,978.7,226.2,669.1,133.1,433.7,841.7,633.4,854.8,79.16
33.798,717.7,978.4,226.8,668.5,132.9,434.0,841.4,632.0,854.9,79.13
33.864,717.2,977.4,228.9,668.4,132.5,434.9,841.2,631.6,855.4,79.44
33.931,716.8,977.0,228.3,668.8,131.9,433.8,842.0,633.0,854.7,79.48
33.998,716.9,976.0,227.7,669.6,132.4,433.9,842.8,633.7,853.9,79.94
34.064,716.6,976.1,228.0,670.3,132.0,434.3,842.3,634.3,853.3,80.97
34.131,717.9,975.7,228.6,670.1,132.3,434.9,844.1,633.5,853.1,81.36
34.198,718.1,976.4,228.7,670.5,132.5,433.9,844.2,632.1,852.9,82.63
34.264,717.1,976.9,228.7,670.0,132.7,434.2,844.5,633.4,853.9,82.82
34.331,717.2,977.5,228.5,670.3,132.9,433.9,845.1,634.3,854.0,84.24
34.398,716.6,977.5,228.0,670.4,133.0,432.4,845.7,633.6,853.8,82.97
34.464,717.1,977.3,227.5,670.7,132.5,432.2,845.8,634.3,854.7,82.49
34.531,716.7,976.0,228.0,670.5,132.4,432.7,846.6,633.5,854.4,81.91
34.598,717.2,975.1,229.1,671.1,132.0,432.7,846.4,633.3,854.6,81.68
34.664,717.5,975.7,227.9,670.6,132.4,432.1,846.2,632.6,854.4,81.09
34.731,717.2,975.8,228.3,671.3,132.3,432.5,847.0,633.1,855.0,81.62
34.798,717.3,977.0,228.8,672.1,132.6,431.0,846.3,633.3,856.3,82.16
34.864,717.3,976.9,228.7,672.2,132.6,430.5,845.9,632.3,856.2,81.96
34.931,717.2,976.7,229.0,672.1,132.2,429.9,845.4,631.2,856.9,82.88
34.998,717.5,976.9,228.4,672.4,131.9,430.0,845.5,631.3,856.7,82.19
35.064,716.3,976.7,227.7,672.2,132.5,431.0,845.9,631.1,856.9,81.98
35.131,715.7,977.0,228.7,672.5,132.8,430.3,846.2,631.8,857.3,82.18
35.198,716.3,976.7,229.4,672.2,132.5,431.8,846.2,632.0,856.7,81.95
35.264,716.5,978.2,228.1,671.2,131.3,432.0,846.5,632.4,857.3,82.77
35.331,716.3,978.1,228.3,671.2,132.2,432.3,846.5,631.9,857.3,82.58
35.398,716.1,978.7,228.6,671.7,132.6,432.2,846.9,631.9,857.5,82.15
35.464,716.6,977.7,228.9,671.4,132.9,431.5,846.4,632.7,857.8,80.38
35.531,716.6,978.5,228.9,671.5,132.6,431.5,846.5,632.5,858.1,81.40
35.598,716.5,978.2,229.1,670.8,132.5,431.5,846.1,633.3,858.4,79.73
35.664,716.3,978.0,229.9,670.0,132.8,431.7,846.3,632.8,858.1,79.78
35.731,716.9,977.8,230.7,669.7,132.6,431.8,845.7,631.7,858.8,81.02
35.798,717.8,977.8,229.7,669.8,132.2,431.5,846.6,632.0,859.4,81.46
35.864,719.1,977.7,230.2,670.3,131.9,431.3,847.1,632.9,859.2,81.36
35.931,718.7,978.1,229.4,670.2,131.4,431.8,847.1,632.7,858.9,80.97
35.998,718.8,977.2,230.0,670.0,132.1,431.6,846.2,632.6,860.3,81.35
36.064,719.5,975.9,229.7,670.6,132.9,432.0,845.8,634.1,859.9,81.28
36.131,720.2,976.7,229.9,670.5,131.5,432.2,846.3,634.1,859.6,81.45
36.198,719.7,975.4,230.1,670.0,131.2,432.6,846.2,633.9,859.5,82.10
36.264,719.8,975.0,229.4,669.7,132.4,432.2,847.1,632.9,859.5,82.93
36.331,720.2,974.7,227.5,668.9,133.1,432.4,846.9,633.6,860.7,83.30
36.398,721.5,974.4,227.8,670.1,133.2,432.3,847.2,633.7,860.1,83.21
36.464,720.8,974.0,227.6,669.2,134.2,433.7,847.4,633.2,859.5,82.79
36.531,720.8,974.2,228.0,670.1,134.0,432.5,847.0,632.8,859.8,82.99
36.598,720.8,973.6,226.4,670.2,133.7,432.8,848.2,631.7,860.6,83.23
36.664,721.4,973.8,225.5,669.2,132.8,432.4,847.9,631.1,860.7,83.07
36.731,721.5,973.4,226.6,669.6,134.0,433.4,847.0,630.6,860.8,83.14
36.798,722.2,973.1,227.5,668.4,134.2,433.2,846.6,630.1,861.1,84.02
36.864,722.6,973.2,227.0,668.4,133.7,434.2,845.9,628.8,861.8,85.39
36.931,723.1,972.6,227.0,668.7,133.8,434.7,845.2,629.7,863.1,85.60
36.998,723.7,973.0,226.5,668.8,133.5,435.1,845.4,629.7,862.4,87.09
37.064,724.1,972.2,227.1,669.4,133.5,436.3,846.6,629.5,862.4,87.30
37.131,724.3,972.2,228.1,669.5,132.2,436.8,846.8,629.7,862.9,87.93
37.198,724.6,971.8,228.7,668.9,132.0,437.2,846.5,631.0,863.9,88.60
37.264,725.1,971.9,229.6,672.2,132.2,437.7,846.0,631.4,863.7,88.59
37.331,726.1,971.8,229.9,671.5,132.7,436.3,845.5,629.9,865.9,88.89
37.398,726.1,972.1,229.9,671.5,132.3,437.9,844.9,629.9,864.7,88.10
37.464,725.7,971.9,230.1,671.9,132.2,437.4,844.7,629.4,864.7,88.25
37.531,725.2,972.5,229.5,672.5,132.7,438.2,844.7,629.2,865.8,86.99
37.597,725.4,971.7,229.4,672.4,131.9,437.8,845.4,629.3,866.2,87.20
37.664,724.6,971.4,228.5,671.8,131.5,437.0,844.6,629.0,864.9,87.72
37.731,725.1,972.0,228.2,671.6,132.5,437.0,844.4,629.9,863.8,87.89
37.797,724.9,971.8,227.6,671.7,133.1,437.4,844.5,629.8,864.0,87.44
37.864,725.2,971.3,226.2,671.5,132.3,437.1,845.4,629.3,865.2,86.32
37.931,725.9,972.0,226.3,671.5,131.9,436.8,846.2,628.5,864.4,87.62
37.997,726.2,970.7,226.5,672.0,131.0,436.3,846.2,630.0,863.8,87.07
38.064,725.6,971.1,227.0,672.7,130.7,436.7,846.3,628.3,865.4,87.26
38.131,726.0,972.0,227.5,673.7,130.3,435.1,845.6,626.9,865.0,87.14
38.197,726.7,971.3,228.7,674.3,130.6,433.8,846.0,627.4,864.6,87.32
38.264,727.0,970.7,229.1,673.2,131.2,434.7,844.2,628.0,864.6,86.81
38.331,726.8,971.0,228.1,674.5,131.4,435.0,844.3,628.0,865.0,86.04
38.397,727.1,972.2,228.6,675.4,131.6,435.2,844.6,627.3,865.5,86.74
38.464,725.9,971.8,229.1,675.0,131.7,435.7,844.9,627.0,865.2,87.99
38.531,725.9,972.2,229.3,675.6,131.4,435.7,845.9,627.8,865.3,87.81
38.597,726.2,972.7,229.7,675.5,131.8,435.9,845.4,626.3,865.0,88.00
38.664,726.0,973.0,230.8,674.7,132.5,437.5,845.0,626.9,865.2,87.60
38.731,726.4,973.1,231.8,674.5,132.8,437.6,849.0,622.0,865.6,87.81
38.797,726.7,973.6,232.0,674.4,132.3,437.0,848.6,621.8,865.2,86.82
38.864,727.3,976.4,232.0,674.1,133.3,437.2,848.3,622.2,864.5,87.23
38.931,727.6,977.2,231.5,674.7,134.0,437.6,847.8,622.1,865.1,87.93
38.997,728.1,977.4,231.7,675.3,133.4,437.9,847.7,621.9,864.4,88.71
39.064,728.0,978.0,231.9,674.8,133.5,437.0,848.3,621.8,864.1,90.03
39.131,728.0,978.0,233.1,674.6,133.9,437.3,849.1,622.1,863.5,90.04
39.197,729.4,978.7,233.0,674.8,133.8,437.5,849.1,622.0,863.6,89.82
39.264,729.4,979.2,232.7,675.8,134.2,436.9,848.5,621.8,863.3,90.84
39.331,729.3,978.9,234.0,675.9,134.2,436.6,847.8,620.4,863.2,91.87
39.397,728.8,978.6,234.5,675.5,134.6,436.7,848.6,618.8,864.9,93.71
39.464,730.2,978.3,234.2,675.9,134.3,436.2,849.5,618.3,864.1,95.16
39.531,730.1,979.2,234.5,676.0,134.1,436.8,847.7,618.5,864.2,95.30
39.597,729.6,979.1,235.1,676.2,134.2,436.6,847.7,618.6,863.3,95.79
39.664,730.4,979.1,234.2,677.3,134.5,436.5,848.0,620.2,863.0,95.68
39.731,730.4,978.7,234.0,677.6,134.0,436.7,848.3,620.1,861.2,96.28
39.797,729.9,979.1,234.1,676.4,133.7,435.4,848.2,621.0,862.1,96.07
39.864,730.1,978.6,233.9,675.8,132.7,436.7,847.0,620.4,862.2,96.00
39.931,730.1,979.3,233.7,677.2,134.1,435.9,846.4,620.9,860.3,95.51
39.997,730.0,978.9,232.6,679.0,134.1,435.3,847.3,621.9,859.2,96.61
40.064,730.0,979.1,232.9,679.5,134.4,436.2,847.3,620.8,857.9,97.21
40.131,729.7,979.2,233.1,679.6,135.1,436.3,849.0,620.6,857.6,97.95
40.197,729.7,978.1,232.5,679.1,135.6,436.5,848.9,620.3,857.7,97.80
40.264,730.2,977.8,231.4,679.9,134.7,436.8,848.0,620.0,857.3,97.44
40.331,729.9,978.2,231.0,679.4,133.3,437.0,847.5,619.3,857.4,96.85
40.397,730.3,978.2,231.7,680.5,133.5,438.5,848.0,618.3,857.8,96.56
40.464,731.5,977.5,231.5,680.7,132.5,438.2,849.4,617.8,858.1,97.81
40.531,731.4,978.0,231.8,680.8,132.8,437.5,849.2,618.2,858.0,98.01
40.597,731.3,978.1,231.9,681.3,132.6,436.1,849.9,616.8,858.2,99.51
40.664,732.2,977.0,231.3,681.4,131.3,437.1,850.3,617.1,858.0,99.69
40.731,732.3,977.7,230.0,681.5,131.6,437.9,849.0,617.3,857.0,99.10
40.797,732.4,978.6,230.1,681.7,131.4,436.6,849.1,618.2,855.5,98.91
40.864,732.5,979.8,231.0,682.3,131.1,436.4,848.8,618.4,856.5,99.88
40.931,732.9,979.3,230.9,682.1,131.2,436.2,849.7,619.6,856.0,100.2
40.997,732.7,979.1,230.4,683.1,131.4,437.7,850.3,619.9,856.1,98.55
41.064,732.8,979.1,230.1,683.0,129.8,437.4,850.2,619.2,856.1,98.52
41.131,732.5,978.4,229.7,681.8,129.2,437.2,850.5,618.4,856.3,98.09
41.197,733.0,978.7,230.9,680.5,129.6,437.8,851.5,617.5,856.1,97.65
41.264,732.6,979.0,230.6,680.3,130.7,437.2,851.7,617.4,857.5,97.52
41.331,733.6,978.3,231.8,681.1,131.3,436.4,851.7,617.7,857.3,97.74
41.397,734.0,978.2,231.4,681.4,130.8,436.4,852.2,618.1,857.7,97.90
41.464,733.2,978.8,230.8,682.5,130.6,434.6,852.4,618.1,857.1,98.70
41.531,733.6,979.0,230.6,681.8,130.5,434.0,852.9,618.5,856.8,98.46
41.597,735.0,979.3,231.0,682.3,131.1,434.3,852.3,619.2,856.9,98.60