#multi:
,masa A,,masa B,,masa C,,masa D,,masa E,,masa F,
t,pixelx,pixely,pixelx,pixely,pixelx,pixely,pixelx,pixely,pixelx,pixely,pixelx,pixely
4.633024E1,8.360000E2,5.890000E2,7.950537E2,7.130787E2,7.485000E2,8.950000E2,1.209282E2,7.047072E2,6.425000E2,2.370000E2,3.902385E2,1.118468E2
4.639691E1,8.362167E2,5.899799E2,7.956576E2,7.139896E2,7.480760E2,8.947559E2,1.206548E2,7.034843E2,6.423480E2,2.383942E2,3.902759E2,1.117430E2
4.646357E1,8.348842E2,5.909748E2,7.948882E2,7.150618E2,7.490728E2,8.950013E2,1.218150E2,7.022110E2,6.426463E2,2.377965E2,3.893473E2,1.087276E2
4.653023E1,8.338010E2,5.911952E2,7.961763E2,7.167270E2,7.490000E2,8.940000E2,1.219890E2,7.022320E2,6.425429E2,2.370255E2,3.897094E2,1.081651E2
4.659689E1,8.336468E2,5.913261E2,7.961043E2,7.171972E2,7.493497E2,8.948773E2,1.223032E2,7.032724E2,6.428039E2,2.377999E2,3.915753E2,1.091732E2
4.666356E1,8.331343E2,5.904121E2,7.970217E2,7.180619E2,7.515000E2,8.935000E2,1.212818E2,7.047072E2,6.445265E2,2.385651E2,3.920209E2,1.118468E2
4.673022E1,8.330998E2,5.892934E2,7.969797E2,7.179503E2,7.529071E2,8.928923E2,1.212818E2,7.015249E2,6.444530E2,2.390304E2,3.911297E2,1.100644E2
4.679688E1,8.327515E2,5.891575E2,7.950537E2,7.181302E2,7.536120E2,8.935362E2,1.204516E2,7.003034E2,6.444518E2,2.388912E2,3.893473E2,1.105100E2
4.686354E1,8.328804E2,5.874209E2,7.939755E2,7.191648E2,7.520000E2,8.945000E2,1.206647E2,7.000934E2,6.446041E2,2.406802E2,3.894615E2,1.097052E2
4.693020E1,8.325626E2,5.874578E2,7.950537E2,7.192528E2,7.540000E2,8.945000E2,1.204990E2,6.996851E2,6.450000E2,2.405000E2,3.884560E2,1.082820E2
4.699687E1,8.319315E2,5.881842E2,7.953344E2,7.192528E2,7.544050E2,8.951562E2,1.216354E2,7.029392E2,6.456517E2,2.395661E2,3.881956E2,1.085916E2
4.706353E1,8.311419E2,5.865813E2,7.943951E2,7.186856E2,7.538607E2,8.960529E2,1.201928E2,7.031794E2,6.453215E2,2.386500E2,3.906841E2,1.082820E2
4.713019E1,8.320000E2,5.840000E2,7.958956E2,7.178496E2,7.549279E2,8.948928E2,1.221579E2,7.042185E2,6.441661E2,2.393671E2,3.911297E2,1.100644E2
4.719685E1,8.317332E2,5.821957E2,7.961270E2,7.194254E2,7.548279E2,8.947197E2,1.216048E2,7.027791E2,6.440926E2,2.391659E2,3.915753E2,1.091732E2
4.726352E1,8.322608E2,5.824847E2,7.953344E2,7.170077E2,7.555000E2,8.960000E2,1.188066E2,7.040000E2,6.420369E2,2.415184E2,3.929121E2,1.060540E2
4.733018E1,8.316184E2,5.835599E2,7.955987E2,7.173532E2,7.533147E2,8.973891E2,1.202210E2,7.004641E2,6.415000E2,2.435000E2,3.933951E2,1.052734E2
4.739684E1,8.303893E2,5.837152E2,7.961757E2,7.182629E2,7.535936E2,8.976584E2,1.202004E2,7.003498E2,6.429991E2,2.432814E2,3.933839E2,1.058365E2
4.746350E1,8.294052E2,5.841061E2,7.951347E2,7.197777E2,7.524292E2,8.972084E2,1.182006E2,7.002703E2,6.426110E2,2.446780E2,3.942489E2,1.033803E2
4.753016E1,8.289558E2,5.819358E2,7.954723E2,7.181257E2,7.522333E2,8.968474E2,1.176997E2,6.990588E2,6.445000E2,2.435000E2,3.949239E2,1.035186E2
4.759683E1,8.292757E2,5.814140E2,7.958956E2,7.198141E2,7.527407E2,8.951228E2,1.175099E2,6.991992E2,6.446556E2,2.442892E2,3.946945E2,1.060540E2
4.766349E1,8.289492E2,5.830436E2,7.957751E2,7.198856E2,7.530976E2,8.933289E2,1.192644E2,7.006074E2,6.449140E2,2.441250E2,3.929121E2,1.056084E2
4.773015E1,8.280000E2,5.815000E2,7.961763E2,7.226205E2,7.514426E2,8.923486E2,1.198875E2,7.006530E2,6.460000E2,2.435000E2,3.942489E2,1.047171E2
4.779681E1,8.275839E2,5.814085E2,7.972988E2,7.217786E2,7.511055E2,8.921515E2,1.200721E2,7.009169E2,6.463860E2,2.433326E2,3.951401E2,1.029347E2
4.786348E1,8.285000E2,5.835000E2,7.965471E2,7.215438E2,7.516601E2,8.929720E2,1.187108E2,7.024144E2,6.440000E2,2.440000E2,3.945178E2,1.041860E2
4.793014E1,8.274759E2,5.845272E2,7.967776E2,7.220103E2,7.528523E2,8.921077E2,1.195683E2,7.026157E2,6.454783E2,2.437363E2,3.949147E2,1.047814E2
4.799680E1,8.281643E2,5.835807E2,7.954114E2,7.247604E2,7.523301E2,8.938518E2,1.193307E2,7.032584E2,6.464172E2,2.443448E2,3.954592E2,1.031718E2
4.806346E1,8.281904E2,5.831615E2,7.956978E2,7.267660E2,7.533147E2,8.938171E2,1.195756E2,7.024889E2,6.452932E2,2.431657E2,3.958308E2,1.029243E2
4.813012E1,8.282635E2,5.805505E2,7.959233E2,7.260770E2,7.521240E2,8.914357E2,1.187108E2,7.012918E2,6.452475E2,2.436524E2,3.959995E2,1.020835E2
4.819679E1,8.300000E2,5.820000E2,7.984214E2,7.254269E2,7.523600E2,8.915949E2,1.178461E2,7.011590E2,6.457772E2,2.433242E2,3.962234E2,1.013021E2
4.826345E1,8.299350E2,5.824755E2,7.956387E2,7.247096E2,7.533147E2,8.922295E2,1.189914E2,7.018531E2,6.442947E2,2.450166E2,3.951441E2,1.012816E2
4.833011E1,8.290000E2,5.825000E2,7.966158E2,7.252143E2,7.535573E2,8.907185E2,1.191980E2,7.023731E2,6.445853E2,2.447532E2,3.952355E2,1.013834E2
4.839677E1,8.287502E2,5.823082E2,7.954755E2,7.236575E2,7.523794E2,8.915805E2,1.187108E2,6.993273E2,6.465411E2,2.466990E2,3.938840E2,1.030143E2
4.846344E1,8.294625E2,5.825966E2,7.947656E2,7.222843E2,7.529304E2,8.920940E2,1.190771E2,6.988543E2,6.455000E2,2.495000E2,3.954221E2,1.021250E2
4.853010E1,8.299019E2,5.807751E2,7.951064E2,7.213365E2,7.552992E2,8.918326E2,1.178689E2,7.024144E2,6.476940E2,2.502996E2,3.976672E2,1.018443E2
4.859676E1,8.306657E2,5.811253E2,7.944754E2,7.220774E2,7.564899E2,8.926264E2,1.174857E2,7.033801E2,6.450000E2,2.500000E2,3.974721E2,1.020685E2
4.866342E1,8.313724E2,5.809006E2,7.947932E2,7.223287E2,7.572837E2,8.894512E2,1.170270E2,7.012918E2,6.447743E2,2.520302E2,3.976672E2,1.043701E2
4.873008E1,8.307747E2,5.810512E2,7.939718E2,7.214938E2,7.570991E2,8.895464E2,1.150625E2,7.018531E2,6.463703E2,2.513824E2,3.965446E2,1.052120E2
4.879675E1,8.308368E2,5.817976E2,7.945660E2,7.220059E2,7.574264E2,8.909587E2,1.145012E2,7.007305E2,6.460000E2,2.490000E2,3.976672E2,1.046507E2
4.886341E1,8.297112E2,5.820315E2,7.954995E2,7.217604E2,7.563037E2,8.890612E2,1.141394E2,7.010368E2,6.490000E2,2.535000E2,3.985091E2,1.046507E2
4.893007E1,8.291498E2,5.828127E2,7.954994E2,7.201551E2,7.541681E2,8.893644E2,1.153431E2,7.029757E2,6.482925E2,2.519304E2,3.985091E2,1.043701E2
4.899673E1,8.301064E2,5.847115E2,7.911248E2,7.189722E2,7.515913E2,8.898269E2,1.151605E2,7.032547E2,6.470000E2,2.505000E2,3.988552E2,1.043022E2
4.906340E1,8.286349E2,5.844193E2,7.920380E2,7.186528E2,7.504903E2,8.881622E2,1.155810E2,7.021561E2,6.470642E2,2.504934E2,3.974706E2,1.038415E2
4.913006E1,8.291105E2,5.828799E2,7.923925E2,7.185216E2,7.501395E2,8.900512E2,1.147818E2,7.024144E2,6.480000E2,2.525000E2,3.971762E2,1.057650E2
4.919672E1,8.278401E2,5.815597E2,7.924700E2,7.196274E2,7.508781E2,8.913716E2,1.133786E2,7.043789E2,6.485000E2,2.510000E2,3.973865E2,1.066152E2
4.926338E1,8.275744E2,5.810680E2,7.922523E2,7.200003E2,7.520205E2,8.910659E2,1.120735E2,7.037071E2,6.492448E2,2.506603E2,3.986655E2,1.064267E2
4.933004E1,8.289908E2,5.821289E2,7.922541E2,7.205688E2,7.517271E2,8.918326E2,1.139399E2,7.021337E2,6.480000E2,2.490000E2,3.988564E2,1.062375E2
4.939671E1,8.300000E2,5.830000E2,7.919667E2,7.217786E2,7.489488E2,8.926264E2,1.136593E2,7.015725E2,6.494881E2,2.501397E2,4.009435E2,1.056793E2
4.946337E1,8.313145E2,5.837285E2,7.920401E2,7.214297E2,7.477453E2,8.939521E2,1.122561E2,7.004499E2,6.497935E2,2.501931E2,4.019947E2,1.055508E2
4.953003E1,8.322239E2,5.818066E2,7.925026E2,7.227917E2,7.495055E2,8.943477E2,1.119754E2,7.021337E2,6.490000E2,2.525000E2,4.021574E2,1.046507E2
4.959669E1,8.316424E2,5.821088E2,7.927533E2,7.222336E2,7.495534E2,8.934941E2,1.111335E2,7.024144E2,6.470350E2,2.528685E2,4.022014E2,1.066111E2
4.966336E1,8.309621E2,5.812096E2,7.951646E2,7.227832E2,7.477581E2,8.926264E2,1.105722E2,7.038176E2,6.467466E2,2.531411E2,4.018768E2,1.066152E2
4.973002E1,8.303623E2,5.820855E2,7.946836E2,7.225205E2,7.467013E2,8.940171E2,1.102916E2,7.052208E2,6.462239E2,2.536310E2,4.018768E2,1.063346E2
4.979668E1,8.296795E2,5.811188E2,7.943700E2,7.221021E2,7.474291E2,8.948051E2,1.119754E2,7.077465E2,6.457044E2,2.538042E2,4.013155E2,1.052120E2
4.986334E1,8.309804E2,5.801450E2,7.951765E2,7.203670E2,7.486686E2,8.954364E2,1.147818E2,7.060627E2,6.444713E2,2.533850E2,4.010349E2,1.049314E2
4.993000E1,8.337134E2,5.803427E2,7.953573E2,7.198606E2,7.510302E2,8.949494E2,1.150718E2,7.063112E2,6.435279E2,2.552330E2,4.035606E2,1.057733E2
4.999667E1,8.342418E2,5.792985E2,7.950116E2,7.189370E2,7.518664E2,8.945728E2,1.167463E2,7.066240E2,6.434271E2,2.545403E2,4.048492E2,1.058851E2
5.006333E1,8.345609E2,5.800250E2,7.936505E2,7.172883E2,7.523780E2,8.959836E2,1.183799E2,7.056811E2,6.437596E2,2.545019E2,4.060864E2,1.066152E2
5.012999E1,8.352351E2,5.807949E2,7.953254E2,7.171147E2,7.534953E2,8.966277E2,1.169614E2,7.050121E2,6.424623E2,2.552274E2,4.060180E2,1.052877E2
5.019665E1,8.351543E2,5.799260E2,7.937045E2,7.170876E2,7.540202E2,8.978546E2,1.197506E2,7.052575E2,6.405000E2,2.570000E2,4.083315E2,1.049314E2
5.026332E1,8.346460E2,5.789208E2,7.956150E2,7.181302E2,7.536358E2,8.967604E2,1.205614E2,7.062938E2,6.415000E2,2.590000E2,4.082612E2,1.043839E2
5.032998E1,8.343238E2,5.801349E2,7.968831E2,7.178588E2,7.529178E2,8.969922E2,1.196114E2,7.072923E2,6.425000E2,2.610000E2,4.072089E2,1.040895E2
5.039664E1,8.335655E2,5.807439E2,7.968544E2,7.183640E2,7.521397E2,8.969362E2,1.202574E2,7.068465E2,6.400000E2,2.575000E2,4.063670E2,1.057733E2
5.046330E1,8.337465E2,5.815532E2,7.984214E2,7.186915E2,7.503888E2,8.970522E2,1.159044E2,7.035369E2,6.406017E2,2.572021E2,4.072089E2,1.046507E2
5.052996E1,8.355000E2,5.785000E2,7.981408E2,7.200947E2,7.503669E2,8.969679E2,1.209559E2,7.077465E2,6.370000E2,2.575000E2,4.073606E2,1.050804E2
5.059663E1,8.364330E2,5.785464E2,7.976054E2,7.206965E2,7.503597E2,8.971098E2,1.206837E2,7.079680E2,6.350000E2,2.565000E2,4.066477E2,1.066152E2
5.066329E1,8.366742E2,5.781721E2,7.975795E2,7.203754E2,7.510144E2,8.974498E2,1.210924E2,7.080594E2,6.350043E2,2.543897E2,4.049638E2,1.066152E2
5.072995E1,8.382693E2,5.786930E2,7.998246E2,7.181302E2,7.528416E2,8.974705E2,1.203947E2,7.083078E2,6.358943E2,2.540918E2,4.038409E2,1.077967E2
5.079661E1,8.370000E2,5.830000E2,7.996849E2,7.178189E2,7.532777E2,8.965486E2,1.204601E2,7.068666E2,6.362075E2,2.547139E2,4.029585E2,1.080293E2
5.086328E1,8.375780E2,5.826537E2,7.988555E2,7.175936E2,7.536168E2,8.962059E2,1.201140E2,7.069046E2,6.400000E2,2.545000E2,4.026462E2,1.094148E2
5.092994E1,8.367542E2,5.815947E2,7.991326E2,7.165084E2,7.540272E2,8.956954E2,1.180118E2,7.059307E2,6.399651E2,2.537038E2,4.033201E2,1.102394E2
5.099660E1,8.358849E2,5.843509E2,7.996389E2,7.181072E2,7.539564E2,8.971104E2,1.174506E2,7.056211E2,6.380000E2,2.555000E2,4.035606E2,1.105442E2
5.106326E1,8.369998E2,5.836537E2,7.985291E2,7.196164E2,7.536433E2,8.969041E2,1.174240E2,7.057622E2,6.367547E2,2.573965E2,4.015961E2,1.111055E2
5.112992E1,8.380132E2,5.844413E2,7.989827E2,7.212173E2,7.559311E2,8.953801E2,1.181495E2,7.040982E2,6.352940E2,2.575914E2,4.015606E2,1.114333E2
5.119659E1,8.390000E2,5.830000E2,7.977696E2,7.206714E2,7.569899E2,8.953684E2,1.153431E2,7.043789E2,6.354486E2,2.567029E2,4.038107E2,1.126441E2
5.126325E1,8.390171E2,5.834917E2,7.987342E2,7.200922E2,7.574086E2,8.946417E2,1.167463E2,7.066240E2,6.375000E2,2.555000E2,4.052445E2,1.139119E2
5.132991E1,8.392758E2,5.833051E2,7.992803E2,7.209676E2,7.573673E2,8.949144E2,1.161850E2,7.035369E2,6.394138E2,2.564929E2,4.040024E2,1.155224E2
5.139657E1,8.390000E2,5.850000E2,8.001052E2,7.248656E2,7.568052E2,8.945446E2,1.128174E2,7.012918E2,6.390000E2,2.555000E2,4.029247E2,1.150229E2
5.146324E1,8.377500E2,5.837387E2,7.998246E2,7.240237E2,7.570686E2,8.944789E2,1.147818E2,7.049401E2,6.390000E2,2.545000E2,4.039463E2,1.137306E2
5.152990E1,8.369909E2,5.825533E2,7.983601E2,7.234309E2,7.567496E2,8.941098E2,1.153739E2,7.050999E2,6.375263E2,2.554357E2,4.027187E2,1.139119E2
5.159656E1,8.367175E2,5.825555E2,7.984214E2,7.220592E2,7.572085E2,8.941353E2,1.147390E2,7.062814E2,6.370000E2,2.580000E2,4.029993E2,1.147538E2
5.166322E1,8.365000E2,5.810000E2,7.985563E2,7.220413E2,7.567945E2,8.942771E2,1.150794E2,7.057888E2,6.358512E2,2.585126E2,4.032800E2,1.155957E2
5.172988E1,8.363667E2,5.811016E2,7.985396E2,7.219510E2,7.575845E2,8.957310E2,1.148505E2,7.067733E2,6.367668E2,2.582999E2,4.044588E2,1.144337E2
5.179655E1,8.353537E2,5.821484E2,7.980212E2,7.235301E2,7.608558E2,8.958016E2,1.146544E2,7.078178E2,6.363825E2,2.574821E2,4.040110E2,1.157297E2
5.186321E1,8.375000E2,5.815000E2,7.981408E2,7.226205E2,7.594382E2,8.973724E2,1.145012E2,7.060627E2,6.372322E2,2.565033E2,4.055251E2,1.127893E2
5.192987E1,8.392873E2,5.813733E2,7.982601E2,7.246223E2,7.576806E2,8.969922E2,1.155290E2,7.069841E2,6.372797E2,2.565428E2,4.048085E2,1.134940E2
5.199653E1,8.391381E2,5.833213E2,7.967482E2,7.256190E2,7.571713E2,8.973359E2,1.148513E2,7.080121E2,6.378580E2,2.566884E2,4.057436E2,1.117347E2
5.206320E1,8.395000E2,5.850000E2,7.987020E2,7.254269E2,7.568126E2,8.967786E2,1.105722E2,7.088691E2,6.380683E2,2.577735E2,4.057789E2,1.124337E2
5.212986E1,8.405000E2,5.860000E2,7.987028E2,7.256128E2,7.574750E2,8.991697E2,1.103505E2,7.079571E2,6.389537E2,2.567149E2,4.062000E2,1.117631E2
5.219652E1,8.409756E2,5.858404E2,7.999005E2,7.259968E2,7.573717E2,9.002915E2,1.109054E2,7.089106E2,6.385039E2,2.581182E2,4.080509E2,1.153151E2
5.226318E1,8.402411E2,5.860231E2,8.002614E2,7.256109E2,7.560264E2,8.996774E2,1.113098E2,7.092655E2,6.396653E2,2.579270E2,4.083315E2,1.150344E2
5.232984E1,8.385478E2,5.846965E2,8.004810E2,7.266186E2,7.550532E2,9.009150E2,1.125829E2,7.092376E2,6.392164E2,2.581042E2,4.087474E2,1.149869E2
5.239651E1,8.378417E2,5.858682E2,8.006153E2,7.273037E2,7.550547E2,9.024030E2,1.124788E2,7.099126E2,6.374127E2,2.573307E2,4.102960E2,1.125087E2
5.246317E1,8.383095E2,5.869587E2,7.998105E2,7.267861E2,7.549517E2,9.023191E2,1.125707E2,7.098468E2,6.367392E2,2.570729E2,4.106023E2,1.128475E2
5.252983E1,8.382929E2,5.876872E2,7.985397E2,7.255575E2,7.571458E2,9.008868E2,1.133786E2,7.091497E2,6.367073E2,2.556203E2,4.088928E2,1.158763E2
5.259649E1,8.380000E2,5.875000E2,7.990531E2,7.242747E2,7.606979E2,9.000992E2,1.148533E2,7.097980E2,6.360847E2,2.547731E2,4.086121E2,1.158763E2
5.266316E1,8.375020E2,5.876325E2,7.981664E2,7.242277E2,7.607268E2,9.005012E2,1.139399E2,7.102723E2,6.351430E2,2.561768E2,4.105760E2,1.154824E2
5.272982E1,8.405000E2,5.895000E2,7.989722E2,7.233449E2,7.588713E2,9.017550E2,1.136593E2,7.091497E2,6.362930E2,2.568925E2,4.125411E2,1.169989E2
5.279648E1,8.409021E2,5.896455E2,7.987020E2,7.223398E2,7.600620E2,8.985798E2,1.122561E2,7.094304E2,6.368193E2,2.560395E2,4.136637E2,1.161570E2
5.286314E1,8.411014E2,5.900977E2,7.986129E2,7.219529E2,7.604422E2,8.984904E2,1.149399E2,7.101219E2,6.366687E2,2.556785E2,4.144467E2,1.155552E2
5.292980E1,8.404275E2,5.890829E2,7.969429E2,7.216352E2,7.603188E2,8.990069E2,1.145012E2,7.074659E2,6.377776E2,2.542135E2,4.132500E2,1.156250E2
5.299647E1,8.406785E2,5.898326E2,7.970182E2,7.220592E2,7.604499E2,9.011795E2,1.136593E2,7.085885E2,6.370597E2,2.539533E2,4.117353E2,1.155469E2
5.306313E1,8.419681E2,5.909270E2,7.968986E2,7.211000E2,7.616766E2,9.022607E2,1.127801E2,7.074171E2,6.366294E2,2.543137E2,4.112194E2,1.153786E2
5.312979E1,8.393259E2,5.902478E2,7.988542E2,7.228886E2,7.632372E2,9.033426E2,1.114142E2,7.071853E2,6.368506E2,2.546669E2,4.091155E2,1.162776E2
5.319645E1,8.395000E2,5.895000E2,7.992806E2,7.202648E2,7.624434E2,9.053271E2,1.153431E2,7.049401E2,6.372033E2,2.543206E2,4.080017E2,1.138273E2
5.326312E1,8.380000E2,5.895000E2,7.996914E2,7.211469E2,7.618431E2,9.048419E2,1.154714E2,7.056588E2,6.370000E2,2.520000E2,4.076351E2,1.138251E2
5.332978E1,8.381543E2,5.895884E2,8.004242E2,7.202836E2,7.624268E2,9.053611E2,1.127956E2,7.071823E2,6.385000E2,2.545000E2,4.073335E2,1.149410E2
5.339644E1,8.391649E2,5.892571E2,7.998246E2,7.186915E2,7.601814E2,9.057442E2,1.135028E2,7.068287E2,6.383992E2,2.548103E2,4.077790E2,1.149410E2
5.346310E1,8.391489E2,5.894783E2,7.982218E2,7.186124E2,7.612563E2,9.076559E2,1.149171E2,7.071823E2,6.381432E2,2.548708E2,4.075592E2,1.143139E2
5.352976E1,8.384156E2,5.893494E2,7.987020E2,7.200947E2,7.620016E2,9.073059E2,1.148903E2,7.076187E2,6.375000E2,2.530000E2,4.055514E2,1.156093E2
5.359643E1,8.410000E2,5.870000E2,7.977934E2,7.213388E2,7.622369E2,9.083520E2,1.152707E2,7.100110E2,6.370000E2,2.525000E2,4.054582E2,1.153907E2
5.366309E1,8.411686E2,5.853330E2,7.968041E2,7.201497E2,7.625146E2,9.092495E2,1.151678E2,7.099351E2,6.374152E2,2.526814E2,4.037694E2,1.153866E2
5.372975E1,8.415000E2,5.855000E2,7.939312E2,7.223398E2,7.625607E2,9.096292E2,1.119880E2,7.114099E2,6.390000E2,2.530000E2,4.066652E2,1.149410E2
5.379641E1,8.410000E2,5.850000E2,7.958956E2,7.231818E2,7.620409E2,9.101780E2,1.106740E2,7.124862E2,6.385865E2,2.528097E2,4.074296E2,1.143159E2
5.386308E1,8.440000E2,5.835000E2,7.956150E2,7.226205E2,7.644279E2,9.124713E2,1.117348E2,7.085967E2,6.385000E2,2.555000E2,4.082706E2,1.132100E2
5.392974E1,8.436151E2,5.837521E2,7.953344E2,7.231818E2,7.647044E2,9.124866E2,1.114020E2,7.059956E2,6.403501E2,2.554598E2,4.092034E2,1.136386E2
5.399640E1,8.454429E2,5.849280E2,7.958956E2,7.243043E2,7.650770E2,9.118761E2,1.110276E2,7.089503E2,6.385000E2,2.540000E2,4.080367E2,1.140010E2
5.406306E1,8.449286E2,5.854095E2,7.950537E2,7.223398E2,7.637721E2,9.115297E2,1.117348E2,7.057680E2,6.390000E2,2.545000E2,4.086700E2,1.160548E2
5.412972E1,8.448384E2,5.837171E2,7.956150E2,7.243043E2,7.636770E2,9.112567E2,1.103204E2,7.029392E2,6.385000E2,2.530000E2,4.077790E2,1.187279E2
5.419639E1,8.415000E2,5.840000E2,7.954140E2,7.241517E2,7.630326E2,9.121377E2,1.099669E2,7.057680E2,6.387598E2,2.528001E2,4.073938E2,1.195153E2
5.426305E1,8.425000E2,5.840000E2,7.938132E2,7.245089E2,7.630567E2,9.115435E2,1.111481E2,7.031290E2,6.415000E2,2.520000E2,4.080000E2,1.192500E2
5.432971E1,8.439713E2,5.838501E2,7.935188E2,7.226145E2,7.631983E2,9.111120E2,1.113812E2,7.025856E2,6.435000E2,2.570000E2,4.096513E2,1.192675E2
5.439637E1,8.445000E2,5.835000E2,7.947731E2,7.229011E2,7.624931E2,9.108141E2,1.110626E2,7.016537E2,6.457400E2,2.573420E2,4.100839E2,1.175052E2
5.446304E1,8.440000E2,5.790000E2,7.943437E2,7.228305E2,7.607298E2,9.115780E2,1.113812E2,7.008177E2,6.453388E2,2.572808E2,4.112500E2,1.152500E2
5.452970E1,8.436040E2,5.798957E2,7.948280E2,7.239192E2,7.603213E2,9.118019E2,1.130565E2,7.029338E2,6.453757E2,2.563756E2,4.090000E2,1.172500E2
5.459636E1,8.436711E2,5.811426E2,7.948989E2,7.251617E2,7.611410E2,9.122747E2,1.118477E2,7.039818E2,6.455579E2,2.554000E2,4.060000E2,1.217500E2
5.466302E1,8.429033E2,5.788592E2,7.947056E2,7.252443E2,7.628108E2,9.127376E2,1.106740E2,7.040000E2,6.453408E2,2.541700E2,4.125000E2,1.172500E2
5.472968E1,8.429016E2,5.801256E2,7.953727E2,7.264880E2,7.620349E2,9.126409E2,1.103204E2,7.054144E2,6.435000E2,2.540000E2,4.118683E2,1.169286E2
5.479635E1,8.406706E2,5.800516E2,7.961763E2,7.276720E2,7.623026E2,9.126616E2,1.103453E2,7.052088E2,6.432310E2,2.545914E2,4.119192E2,1.183627E2
5.486301E1,8.391248E2,5.797453E2,7.966630E2,7.301994E2,7.626328E2,9.135258E2,1.102256E2,7.041025E2,6.422437E2,2.559405E2,4.130000E2,1.152500E2
5.492967E1,8.398469E2,5.786309E2,7.951025E2,7.295510E2,7.625427E2,9.124674E2,1.083920E2,7.024791E2,6.445000E2,2.540000E2,4.112500E2,1.165000E2
5.499633E1,8.403223E2,5.789822E2,7.933699E2,7.290752E2,7.619312E2,9.128327E2,1.071381E2,7.047072E2,6.440000E2,2.530000E2,4.102500E2,1.192500E2
5.506300E1,8.420000E2,5.840000E2,7.928607E2,7.300345E2,7.612438E2,9.145340E2,1.074917E2,7.036464E2,6.462626E2,2.516596E2,4.105000E2,1.180000E2
5.512966E1,8.412435E2,5.850559E2,7.932665E2,7.296205E2,7.621495E2,9.146982E2,1.083161E2,7.016891E2,6.500000E2,2.540000E2,4.075000E2,1.145000E2
5.519632E1,8.410790E2,5.849176E2,7.953743E2,7.312988E2,7.623457E2,9.146232E2,1.086758E2,7.014899E2,6.445000E2,2.545000E2,4.067500E2,1.165000E2
5.526298E1,8.405656E2,5.855858E2,7.964580E2,7.299207E2,7.631059E2,9.137871E2,1.092597E2,6.994033E2,6.480000E2,2.515000E2,4.050000E2,1.190000E2
5.532964E1,8.408355E2,5.850134E2,7.972988E2,7.290752E2,7.624166E2,9.126100E2,1.060773E2,6.937459E2,6.495000E2,2.545000E2,4.052500E2,1.202500E2
5.539631E1,8.421561E2,5.853059E2,7.982312E2,7.293274E2,7.636872E2,9.122405E2,1.057238E2,6.930387E2,6.490000E2,2.505000E2,4.097500E2,1.212500E2
5.546297E1,8.431533E2,5.852594E2,7.979851E2,7.286320E2,7.649891E2,9.113826E2,1.067845E2,6.926851E2,6.481920E2,2.478779E2,4.092500E2,1.222500E2
5.552963E1,8.442912E2,5.841870E2,7.984214E2,7.279526E2,7.654183E2,9.113792E2,1.050166E2,6.926851E2,6.455000E2,2.475000E2,4.100000E2,1.245000E2
5.559629E1,8.435000E2,5.780000E2,7.979648E2,7.281083E2,7.646012E2,9.128687E2,1.048703E2,6.930601E2,6.480000E2,2.500000E2,4.089637E2,1.262903E2
5.566296E1,8.428197E2,5.780363E2,7.981844E2,7.273877E2,7.650453E2,9.126339E2,1.043532E2,6.936618E2,6.500939E2,2.490494E2,4.083638E2,1.276464E2
5.572962E1,8.438774E2,5.782932E2,7.988271E2,7.278912E2,7.654914E2,9.121181E2,1.050166E2,6.951602E2,6.493724E2,2.490724E2,4.059766E2,1.280909E2
5.579628E1,8.470000E2,5.805000E2,7.992245E2,7.256634E2,7.642403E2,9.124878E2,1.056170E2,6.943302E2,6.500000E2,2.485000E2,4.066061E2,1.295240E2
5.586294E1,8.461606E2,5.813552E2,7.989827E2,7.273914E2,7.645911E2,9.133828E2,1.076992E2,6.948639E2,6.509510E2,2.484900E2,4.050000E2,1.292500E2
5.592960E1,8.470336E2,5.829112E2,7.988900E2,7.281355E2,7.641135E2,9.133630E2,1.063392E2,6.943769E2,6.510455E2,2.478458E2,4.047500E2,1.290000E2
5.599627E1,8.475644E2,5.821333E2,8.001052E2,7.259882E2,7.652805E2,9.143096E2,1.064578E2,6.939869E2,6.504829E2,2.474045E2,4.050000E2,1.305000E2
5.606293E1,8.484155E2,5.841949E2,8.037536E2,7.276720E2,7.662954E2,9.143630E2,1.067141E2,6.951046E2,6.488531E2,2.496581E2,4.052500E2,1.290000E2
5.612959E1,8.478752E2,5.843364E2,8.040553E2,7.289099E2,7.665406E2,9.146971E2,1.070789E2,6.956230E2,6.500000E2,2.490000E2,4.062403E2,1.283716E2
5.619625E1,8.462743E2,5.842350E2,8.037254E2,7.286046E2,7.675112E2,9.146877E2,1.076309E2,6.942842E2,6.522349E2,2.480578E2,4.085000E2,1.302500E2
5.626292E1,8.469280E2,5.845848E2,8.017891E2,7.276720E2,7.668144E2,9.136210E2,1.068012E2,6.930669E2,6.523883E2,2.492719E2,4.084856E2,1.305284E2
5.632958E1,8.471918E2,5.830770E2,8.065600E2,7.262688E2,7.666275E2,9.136447E2,1.050000E2,6.920000E2,6.535050E2,2.489953E2,4.150000E2,1.287500E2
5.639624E1,8.469232E2,5.832560E2,8.059987E2,7.279526E2,7.673725E2,9.150669E2,1.041840E2,6.932078E2,6.538301E2,2.507885E2,4.137500E2,1.287500E2
5.646290E1,8.470340E2,5.824039E2,8.040342E2,7.293558E2,7.678094E2,9.155950E2,1.031489E2,6.949602E2,6.537302E2,2.496392E2,4.137391E2,1.290289E2
5.652956E1,8.471523E2,5.822688E2,8.035026E2,7.304014E2,7.700036E2,9.167891E2,1.028680E2,6.955273E2,6.535000E2,2.485000E2,4.135000E2,1.295000E2
5.659623E1,8.474182E2,5.836158E2,8.037536E2,7.301978E2,7.707783E2,9.180279E2,1.035000E2,6.947500E2,6.530821E2,2.478118E2,4.115000E2,1.290000E2
5.666289E1,8.458553E2,5.846770E2,8.037298E2,7.299711E2,7.704358E2,9.179733E2,1.027796E2,6.955560E2,6.536801E2,2.476387E2,4.129910E2,1.281592E2
5.672955E1,8.454458E2,5.851317E2,8.033023E2,7.293126E2,7.705839E2,9.172925E2,1.022500E2,6.960000E2,6.532023E2,2.468530E2,4.110000E2,1.315000E2
5.679621E1,8.460371E2,5.850826E2,8.037536E2,7.296365E2,7.713612E2,9.157571E2,1.035000E2,6.972500E2,6.527202E2,2.477989E2,4.136172E2,1.313871E2
5.686288E1,8.448693E2,5.856240E2,8.031923E2,7.299171E2,7.732045E2,9.150839E2,1.032500E2,6.972500E2,6.524138E2,2.476727E2,4.147467E2,1.327903E2
5.692954E1,8.442486E2,5.862457E2,8.017239E2,7.304025E2,7.746713E2,9.158254E2,1.050000E2,6.962500E2,6.526924E2,2.477438E2,4.147088E2,1.324876E2
5.699620E1,8.439679E2,5.873209E2,8.019610E2,7.307965E2,7.738433E2,9.151425E2,1.031685E2,6.965693E2,6.541813E2,2.483372E2,4.151923E2,1.327903E2
5.706286E1,8.435732E2,5.878154E2,8.021199E2,7.329066E2,7.736285E2,9.155939E2,9.975000E1,6.982500E2,6.526652E2,2.487050E2,4.183116E2,1.314534E2
5.712952E1,8.431577E2,5.880361E2,8.015084E2,7.330042E2,7.737560E2,9.142875E2,1.047500E2,6.967500E2,6.518768E2,2.491773E2,4.223220E2,1.310078E2
5.719619E1,8.410000E2,5.895000E2,8.026183E2,7.337229E2,7.744190E2,9.131268E2,1.052500E2,6.997500E2,6.516215E2,2.493595E2,4.160836E2,1.292254E2
5.726285E1,8.397135E2,5.898954E2,8.037733E2,7.346115E2,7.732644E2,9.133715E2,1.050000E2,7.012500E2,6.510000E2,2.480000E2,4.178660E2,1.345727E2
5.732951E1,8.390807E2,5.896804E2,8.045046E2,7.359116E2,7.735437E2,9.140320E2,1.049174E2,7.032064E2,6.518862E2,2.487782E2,4.179550E2,1.346497E2
5.739617E1,8.391466E2,5.890424E2,8.045988E2,7.369692E2,7.730904E2,9.136405E2,1.047500E2,7.032500E2,6.515742E2,2.496968E2,4.174204E2,1.345727E2
5.746284E1,8.386374E2,5.886587E2,8.057180E2,7.380557E2,7.731446E2,9.128266E2,1.042500E2,7.020000E2,6.509480E2,2.505780E2,4.174612E2,1.344355E2
5.752950E1,8.376683E2,5.896927E2,8.054433E2,7.389154E2,7.731597E2,9.128682E2,1.025000E2,7.020000E2,6.506889E2,2.502840E2,4.187432E2,1.345781E2
5.759616E1,8.379128E2,5.889977E2,8.034729E2,7.400202E2,7.747650E2,9.141870E2,1.025183E2,7.023366E2,6.497857E2,2.507146E2,4.187572E2,1.341271E2
5.766282E1,8.385000E2,5.855000E2,8.030921E2,7.407898E2,7.762931E2,9.146351E2,1.022497E2,7.019953E2,6.495000E2,2.475000E2,4.183116E2,1.323446E2
5.772948E1,8.384472E2,5.863041E2,8.057180E2,7.425459E2,7.768128E2,9.148362E2,1.025000E2,6.985000E2,6.485000E2,2.500000E2,4.183116E2,1.323446E2
5.779615E1,8.387314E2,5.867719E2,8.057554E2,7.422846E2,7.769322E2,9.158163E2,1.027500E2,6.975000E2,6.505000E2,2.510000E2,4.183397E2,1.321634E2
5.786281E1,8.378227E2,5.863942E2,8.053194E2,7.426562E2,7.759380E2,9.148527E2,1.046100E2,6.981617E2,6.506744E2,2.520746E2,4.192028E2,1.336815E2
5.792947E1,8.380399E2,5.882300E2,8.057180E2,7.417040E2,7.758976E2,9.141109E2,1.062500E2,6.987500E2,6.505000E2,2.525000E2,4.194876E2,1.338503E2
5.799613E1,8.379824E2,5.893701E2,8.052796E2,7.420455E2,7.743504E2,9.148527E2,1.059777E2,6.985165E2,6.496363E2,2.532782E2,4.187572E2,1.323446E2
5.806280E1,8.394745E2,5.897030E2,8.056589E2,7.417443E2,7.739264E2,9.153027E2,1.042500E2,6.967500E2,6.491081E2,2.516330E2,4.187572E2,1.341271E2
5.812946E1,8.410000E2,5.945000E2,8.054374E2,7.403008E2,7.751103E2,9.164146E2,1.036394E2,6.977422E2,6.491095E2,2.517001E2,4.196332E2,1.345325E2
5.819612E1,8.392896E2,5.942876E2,8.048053E2,7.402885E2,7.735566E2,9.168372E2,1.035815E2,7.004160E2,6.485000E2,2.490000E2,4.183116E2,1.354639E2
5.826278E1,8.408267E2,5.925253E2,8.043148E2,7.377750E2,7.731965E2,9.169452E2,1.044069E2,7.013235E2,6.520000E2,2.470000E2,4.227676E2,1.350183E2
5.832944E1,8.385000E2,5.910000E2,8.082438E2,7.408621E2,7.735113E2,9.166082E2,1.054874E2,7.017233E2,6.505000E2,2.465000E2,4.241016E2,1.353679E2
5.839611E1,8.382204E2,5.910257E2,8.095667E2,7.435908E2,7.743814E2,9.166730E2,1.035815E2,7.004160E2,6.494835E2,2.452962E2,4.241154E2,1.353436E2
5.846277E1,8.400000E2,5.955000E2,8.095397E2,7.444664E2,7.746890E2,9.187873E2,1.038834E2,7.004582E2,6.495780E2,2.447366E2,4.237143E2,1.350209E2
5.852943E1,8.395000E2,5.955000E2,8.045955E2,7.442298E2,7.742776E2,9.192869E2,1.013760E2,7.019914E2,6.487018E2,2.441562E2,4.229720E2,1.332338E2
5.859609E1,8.395000E2,5.960000E2,8.057023E2,7.452922E2,7.752373E2,9.186081E2,1.008709E2,7.040145E2,6.481105E2,2.436593E2,4.241044E2,1.363551E2
5.866276E1,8.394931E2,5.957332E2,8.065600E2,7.453523E2,7.759380E2,9.188217E2,9.980062E1,7.060874E2,6.485000E2,2.440000E2,4.245074E2,1.354889E2
5.872942E1,8.375000E2,5.970000E2,8.048912E2,7.434968E2,7.753224E2,9.183984E2,9.980314E1,7.058328E2,6.483810E2,2.432330E2,4.231723E2,1.372129E2
5.879608E1,8.390000E2,5.960000E2,8.061288E2,7.432765E2,7.749602E2,9.199784E2,1.016911E2,7.041969E2,6.475395E2,2.430802E2,4.187572E2,1.332359E2
5.886274E1,8.380796E2,5.954328E2,8.043651E2,7.432822E2,7.754594E2,9.196472E2,1.015475E2,7.044106E2,6.468404E2,2.419936E2,4.187572E2,1.341271E2
5.892940E1,8.379121E2,5.959208E2,8.043289E2,7.444176E2,7.761824E2,9.189602E2,1.032665E2,7.038818E2,6.482042E2,2.408521E2,4.183116E2,1.305622E2
5.899607E1,8.376598E2,5.954741E2,8.048761E2,7.445104E2,7.756165E2,9.191720E2,1.033743E2,7.042775E2,6.465244E2,2.387715E2,4.203072E2,1.287289E2
5.906273E1,8.361974E2,5.954407E2,8.026310E2,7.391783E2,7.769028E2,9.191924E2,1.023212E2,7.026215E2,6.454850E2,2.385241E2,4.213442E2,1.273590E2
5.912939E1,8.346760E2,5.955895E2,8.034729E2,7.411427E2,7.780381E2,9.196153E2,1.020635E2,7.026114E2,6.459163E2,2.371881E2,4.213044E2,1.258443E2
5.919605E1,8.344170E2,5.950082E2,8.037900E2,7.400082E2,7.773495E2,9.198393E2,1.029514E2,7.045120E2,6.461786E2,2.360282E2,4.205396E2,1.256606E2
5.926272E1,8.335000E2,5.930000E2,8.040342E2,7.400202E2,7.764819E2,9.199333E2,1.073625E2,7.051422E2,6.450000E2,2.345000E2,4.218764E2,1.278886E2
5.932938E1,8.329436E2,5.919201E2,8.009472E2,7.414234E2,7.753792E2,9.198893E2,1.063091E2,7.044063E2,6.453471E2,2.343662E2,4.235332E2,1.279432E2
5.939604E1,8.333239E2,5.925070E2,8.021604E2,7.409747E2,7.743987E2,9.197258E2,1.076775E2,7.064025E2,6.458296E2,2.344019E2,4.245500E2,1.287798E2
5.946270E1,8.331349E2,5.932975E2,8.012517E2,7.415212E2,7.739379E2,9.176299E2,1.076592E2,7.060318E2,6.458565E2,2.347475E2,4.249956E2,1.287798E2
5.952936E1,8.318269E2,5.932817E2,8.017891E2,7.383363E2,7.743441E2,9.180356E2,1.048418E2,7.019914E2,6.455191E2,2.362048E2,4.251654E2,1.291914E2
5.959603E1,8.330000E2,5.920000E2,8.005347E2,7.396056E2,7.749556E2,9.195359E2,1.048450E2,7.022316E2,6.458989E2,2.358606E2,4.258869E2,1.301166E2
5.966269E1,8.315000E2,5.935000E2,8.008926E2,7.394578E2,7.747473E2,9.200124E2,1.032665E2,7.041969E2,6.444714E2,2.365061E2,4.272237E2,1.327903E2
5.972935E1,8.318558E2,5.934902E2,8.031923E2,7.394589E2,7.734144E2,9.213797E2,1.031949E2,7.042065E2,6.453657E2,2.353385E2,4.258007E2,1.308202E2
5.979601E1,8.314979E2,5.941414E2,8.020697E2,7.400202E2,7.730575E2,9.192935E2,1.033728E2,7.050244E2,6.480000E2,2.375000E2,4.250656E2,1.302912E2
5.986268E1,8.315000E2,5.955000E2,8.013229E2,7.388082E2,7.713858E2,9.186102E2,1.030638E2,7.031557E2,6.482016E2,2.365852E2,4.264474E2,1.299620E2
5.992934E1,8.315000E2,5.950000E2,8.015558E2,7.396469E2,7.717013E2,9.190155E2,1.027836E2,7.046619E2,6.482212E2,2.361591E2,4.267781E2,1.292254E2
5.999600E1,8.285000E2,5.980000E2,8.023504E2,7.391783E2,7.715721E2,9.192186E2,1.031800E2,7.055800E2,6.487450E2,2.373003E2,4.245500E2,1.314534E2
6.006266E1,8.283553E2,5.975799E2,8.015084E2,7.391783E2,7.727452E2,9.181926E2,9.885538E1,7.045120E2,6.485000E2,2.370000E2,4.227676E2,1.314534E2
6.012932E1,8.275000E2,5.975000E2,8.012278E2,7.363718E2,7.743504E2,9.192186E2,1.007458E2,7.035668E2,6.470000E2,2.380000E2,4.218764E2,1.305622E2
6.019599E1,8.268664E2,5.974000E2,7.992633E2,7.335654E2,7.746099E2,9.182647E2,1.009610E2,7.035260E2,6.470787E2,2.371045E2,4.232132E2,1.292254E2
6.026265E1,8.265000E2,5.990000E2,8.020697E2,7.335654E2,7.727289E2,9.183671E2,1.009486E2,7.045452E2,6.451192E2,2.378465E2,4.227676E2,1.310078E2
6.032931E1,8.262106E2,5.981371E2,8.001052E2,7.335654E2,7.714505E2,9.190980E2,1.010609E2,7.079778E2,6.492433E2,2.368731E2,4.245500E2,1.359095E2
6.039597E1,8.264118E2,5.995408E2,8.004232E2,7.331399E2,7.707783E2,9.208062E2,1.011636E2,7.078245E2,6.489797E2,2.334720E2,4.244025E2,1.359169E2
6.046264E1,8.262903E2,5.996557E2,8.017891E2,7.338461E2,7.695972E2,9.207719E2,1.010963E2,7.074158E2,6.489797E2,2.369378E2,4.276693E2,1.327903E2
6.052930E1,8.275497E2,6.001473E2,8.019280E2,7.338025E2,7.678615E2,9.198581E2,1.016673E2,7.069899E2,6.487238E2,2.374843E2,4.278540E2,1.316661E2
6.059596E1,8.288205E2,5.990267E2,8.022995E2,7.339948E2,7.669373E2,9.185104E2,9.917046E1,7.067175E2,6.463646E2,2.351381E2,4.278777E2,1.308285E2
6.066262E1,8.293378E2,5.987525E2,8.033296E2,7.342429E2,7.668997E2,9.183393E2,1.001157E2,7.079778E2,6.465712E2,2.363420E2,4.284643E2,1.321289E2
6.072928E1,8.300000E2,5.970000E2,8.050774E2,7.344375E2,7.664124E2,9.196155E2,9.948554E1,7.082929E2,6.455755E2,2.371565E2,4.254413E2,1.332359E2
6.079595E1,8.285000E2,5.945000E2,8.046718E2,7.326279E2,7.651775E2,9.202223E2,1.016911E2,7.092382E2,6.461798E2,2.391341E2,4.252210E2,1.329513E2
6.086261E1,8.286509E2,5.945849E2,8.034729E2,7.307590E2,7.653961E2,9.185314E2,1.004308E2,7.092382E2,6.464644E2,2.377263E2,4.241044E2,1.332359E2
6.092927E1,8.255000E2,5.955000E2,8.037616E2,7.288553E2,7.647834E2,9.187257E2,1.004483E2,7.088020E2,6.471692E2,2.394667E2,4.263325E2,1.345727E2
6.099593E1,8.257998E2,5.949563E2,8.044606E2,7.285950E2,7.632372E2,9.164403E2,1.013532E2,7.088784E2,6.478562E2,2.402493E2,4.265254E2,1.334223E2
6.106260E1,8.254427E2,5.939542E2,8.037702E2,7.284258E2,7.631004E2,9.167372E2,1.007458E2,7.079778E2,6.491433E2,2.398025E2,4.266142E2,1.330381E2
6.112926E1,8.285000E2,5.925000E2,8.022822E2,7.296204E2,7.632863E2,9.167605E2,9.954282E1,7.084253E2,6.491234E2,2.405872E2,4.261476E2,1.332539E2
6.119592E1,8.300000E2,5.915000E2,8.029116E2,7.318816E2,7.638655E2,9.181245E2,1.001157E2,7.092382E2,6.517302E2,2.421361E2,4.274586E2,1.340049E2
6.126258E1,8.300087E2,5.912301E2,8.045955E2,7.321622E2,7.629793E2,9.194795E2,9.972864E1,7.093666E2,6.508023E2,2.427017E2,4.267781E2,1.292254E2
6.132924E1,8.297938E2,5.904374E2,8.040342E2,7.344074E2,7.624434E2,9.216000E2,1.001026E2,7.090772E2,6.489719E2,2.416704E2,4.267781E2,1.305622E2
6.139591E1,8.287742E2,5.911528E2,8.036113E2,7.346732E2,7.621908E2,9.218879E2,1.014058E2,7.098343E2,6.491014E2,2.403227E2,4.289357E2,1.285482E2
6.146257E1,8.275380E2,5.914481E2,8.035718E2,7.345914E2,7.610452E2,9.228255E2,1.011426E2,7.099153E2,6.479078E2,2.430246E2,4.290061E2,1.269974E2
6.152923E1,8.273358E2,5.901632E2,8.031923E2,7.327235E2,7.607657E2,9.236761E2,1.020062E2,7.089231E2,6.492922E2,2.439925E2,4.294517E2,1.261062E2
6.159589E1,8.283335E2,5.903176E2,8.034729E2,7.332848E2,7.611372E2,9.241500E2,1.021081E2,7.091213E2,6.496870E2,2.445723E2,4.303112E2,1.274585E2
6.166256E1,8.298075E2,5.902679E2,8.039214E2,7.328774E2,7.600397E2,9.253866E2,1.018971E2,7.098426E2,6.516946E2,2.463659E2,4.281149E2,1.274430E2
6.172922E1,8.295000E2,5.920000E2,8.028318E2,7.322112E2,7.599646E2,9.255392E2,1.004449E2,7.087755E2,6.516865E2,2.469877E2,4.284214E2,1.268439E2
6.179588E1,8.285000E2,5.920000E2,8.035806E2,7.323490E2,7.617983E2,9.266267E2,1.002711E2,7.085395E2,6.529415E2,2.471851E2,4.277653E2,1.268164E2
6.186254E1,8.270000E2,5.910000E2,8.026310E2,7.327235E2,7.620465E2,9.271566E2,9.949810E1,7.078159E2,6.537051E2,2.484107E2,4.287980E2,1.255192E2
6.192920E1,8.274133E2,5.922796E2,8.031887E2,7.340466E2,7.621946E2,9.275549E2,9.827920E1,7.066545E2,6.537334E2,2.480657E2,4.273860E2,1.255917E2
6.199587E1,8.265000E2,5.940000E2,8.020697E2,7.377750E2,7.599672E2,9.264763E2,9.687077E1,7.059249E2,6.548616E2,2.490253E2,4.280313E2,1.262597E2
6.206253E1,8.275000E2,5.940000E2,8.029213E2,7.381820E2,7.596651E2,9.227907E2,9.603276E1,7.038396E2,6.541449E2,2.479252E2,4.292975E2,1.275540E2
6.212919E1,8.290000E2,5.935000E2,8.022002E2,7.379155E2,7.581818E2,9.217623E2,9.676634E1,7.058115E2,6.557131E2,2.478608E2,4.301976E2,1.270104E2
6.219585E1,8.288627E2,5.939901E2,8.015084E2,7.400202E2,7.561507E2,9.217861E2,9.665311E1,7.057082E2,6.580750E2,2.484180E2,4.316325E2,1.272933E2
6.226252E1,8.285686E2,5.952335E2,8.036757E2,7.385263E2,7.544902E2,9.212158E2,9.444431E1,7.057723E2,6.606047E2,2.474797E2,4.310128E2,1.269688E2
6.232918E1,8.287657E2,5.959782E2,8.045529E2,7.388721E2,7.556484E2,9.224009E2,9.347542E1,7.042409E2,6.608750E2,2.471948E2,4.316797E2,1.274430E2
6.239584E1,8.291907E2,5.956651E2,8.034729E2,7.363718E2,7.559287E2,9.228615E2,9.208581E1,7.050190E2,6.612730E2,2.463659E2,4.303429E2,1.287798E2
6.246250E1,8.295000E2,5.965000E2,8.025044E2,7.374824E2,7.561462E2,9.230665E2,9.130718E1,7.063963E2,6.610444E2,2.465607E2,4.316255E2,1.284485E2
6.252916E1,8.305000E2,5.950000E2,8.019435E2,7.371346E2,7.545485E2,9.221406E2,8.971815E1,7.057723E2,6.626159E2,2.466008E2,4.310101E2,1.285018E2
6.259583E1,8.304336E2,5.949596E2,8.015084E2,7.383363E2,7.553797E2,9.219957E2,8.804414E1,7.079289E2,6.617019E2,2.463868E2,4.310074E2,1.275185E2
6.266249E1,8.302313E2,5.942527E2,8.017758E2,7.390305E2,7.536420E2,9.225392E2,8.782769E1,7.089231E2,6.618222E2,2.460164E2,4.302590E2,1.265424E2
6.272915E1,8.285114E2,5.930700E2,8.021880E2,7.402543E2,7.536701E2,9.222979E2,8.688246E1,7.079778E2,6.618485E2,2.460273E2,4.303429E2,1.252150E2
6.279581E1,8.278661E2,5.939012E2,8.025666E2,7.414957E2,7.550276E2,9.214705E2,8.814277E1,7.070326E2,6.626388E2,2.446465E2,4.292256E2,1.246180E2
6.286248E1,8.279578E2,5.952929E2,8.038752E2,7.414970E2,7.557939E2,9.213815E2,8.923660E1,7.071559E2,6.632724E2,2.443637E2,4.307885E2,1.252150E2
6.292914E1,8.290000E2,5.965000E2,8.062793E2,7.439491E2,7.572153E2,9.217803E2,8.908800E1,7.101834E2,6.609324E2,2.445162E2,4.285605E2,1.238782E2
6.299580E1,8.303620E2,5.977681E2,8.076825E2,7.431072E2,7.564688E2,9.232473E2,8.907801E1,7.095567E2,6.630550E2,2.472569E2,4.277836E2,1.242829E2
6.306246E1,8.295000E2,6.020000E2,8.090857E2,7.431072E2,7.570619E2,9.238437E2,8.854149E1,7.083741E2,6.621640E2,2.490389E2,4.267155E2,1.247030E2
6.312912E1,8.285902E2,6.004017E2,8.059987E2,7.419847E2,7.577936E2,9.218877E2,8.998895E1,7.084788E2,6.626095E2,2.465886E2,4.258305E2,1.235387E2
