#multi:
,masa A,,masa B,,masa C,,masa D,,masa E,,masa F,,masa G,,masa H,,masa I,
t,x,y,x,y,x,y,x,y,x,y,x,y,x,y,x,y,x,y
0.000000E0,-4.535000E2,-3.700000E1,-4.220000E2,-1.565000E2,-1.420000E2,-3.530000E2,3.010000E2,-2.505000E2,9.250000E1,1.060000E2,1.390000E2,-6.200000E1,2.215000E2,-3.215000E2,5.790000E2,7.250000E1,1.485000E2,-2.345000E2
6.666222E-2,-4.534176E2,-3.634136E1,-4.206632E2,-1.565921E2,-1.415000E2,-3.545000E2,3.011735E2,-2.506143E2,9.292459E1,1.070772E2,1.392797E2,-6.202353E1,2.216246E2,-3.215166E2,5.787872E2,7.274002E1,1.483521E2,-2.344057E2
1.333244E-1,-4.557215E2,-3.793338E1,-4.211712E2,-1.550798E2,-1.428561E2,-3.534427E2,3.013430E2,-2.506774E2,9.327780E1,1.086596E2,1.390308E2,-6.209638E1,2.212645E2,-3.204173E2,5.794692E2,7.016644E1,1.505065E2,-2.351974E2
1.999867E-1,-4.571515E2,-3.697818E1,-4.205529E2,-1.548568E2,-1.427154E2,-3.536259E2,3.005096E2,-2.521513E2,9.255917E1,1.083975E2,1.389422E2,-6.201027E1,2.199100E2,-3.195262E2,5.778716E2,7.060375E1,1.520975E2,-2.351021E2
2.666489E-1,-4.575209E2,-3.982218E1,-4.217659E2,-1.545549E2,-1.420196E2,-3.532034E2,3.010294E2,-2.541039E2,9.259348E1,1.077999E2,1.387504E2,-6.210337E1,2.173168E2,-3.208981E2,5.793446E2,7.030858E1,1.522392E2,-2.352037E2
3.333111E-1,-4.572747E2,-3.979301E1,-4.224178E2,-1.542572E2,-1.428399E2,-3.533160E2,3.013045E2,-2.536903E2,9.054483E1,1.077398E2,1.415000E2,-6.550000E1,2.194843E2,-3.185969E2,5.787503E2,6.997849E1,1.505234E2,-2.344533E2
3.999733E-1,-4.576415E2,-4.010814E1,-4.216908E2,-1.543899E2,-1.445538E2,-3.535430E2,3.034965E2,-2.536202E2,8.841155E1,1.063087E2,1.415000E2,-6.150000E1,2.214315E2,-3.185893E2,5.806749E2,6.955473E1,1.506456E2,-2.357704E2
4.666356E-1,-4.574299E2,-4.019259E1,-4.218754E2,-1.544887E2,-1.448546E2,-3.539119E2,3.042251E2,-2.554355E2,8.857180E1,1.071098E2,1.415098E2,-6.156100E1,2.213720E2,-3.186176E2,5.806285E2,6.973952E1,1.503528E2,-2.348722E2
5.332978E-1,-4.579239E2,-3.971288E1,-4.224283E2,-1.562664E2,-1.443264E2,-3.546829E2,3.040354E2,-2.577013E2,8.755824E1,1.067327E2,1.390000E2,-6.550000E1,2.214897E2,-3.183922E2,5.807231E2,6.768064E1,1.504052E2,-2.344522E2
5.999600E-1,-4.580736E2,-4.308966E1,-4.220360E2,-1.561777E2,-1.449162E2,-3.547296E2,3.040353E2,-2.589521E2,8.776269E1,1.064056E2,1.380431E2,-6.609044E1,2.219424E2,-3.176675E2,5.809944E2,6.832886E1,1.504735E2,-2.313899E2
6.666222E-1,-4.583615E2,-4.298724E1,-4.220639E2,-1.553576E2,-1.445241E2,-3.546032E2,3.038179E2,-2.579170E2,8.775536E1,1.076558E2,1.381556E2,-6.643346E1,2.212567E2,-3.180670E2,5.813844E2,6.815532E1,1.505921E2,-2.297418E2
7.332844E-1,-4.606590E2,-4.286641E1,-4.202429E2,-1.557066E2,-1.440488E2,-3.547838E2,3.054796E2,-2.593731E2,8.754794E1,1.079829E2,1.397892E2,-6.622280E1,2.213881E2,-3.188554E2,5.827550E2,6.839941E1,1.514941E2,-2.295053E2
7.999467E-1,-4.623853E2,-4.137384E1,-4.200797E2,-1.555851E2,-1.444083E2,-3.556402E2,3.052775E2,-2.595169E2,8.720948E1,1.088181E2,1.400009E2,-6.633169E1,2.217803E2,-3.190594E2,5.842861E2,6.661375E1,1.516693E2,-2.276989E2
8.666089E-1,-4.621199E2,-4.029800E1,-4.215929E2,-1.551525E2,-1.445370E2,-3.558489E2,3.050347E2,-2.592329E2,8.754455E1,1.092511E2,1.402946E2,-6.661905E1,2.213373E2,-3.204278E2,5.837129E2,6.841738E1,1.537231E2,-2.276529E2
9.332711E-1,-4.620674E2,-3.995318E1,-4.219246E2,-1.556534E2,-1.436832E2,-3.572283E2,3.055724E2,-2.595655E2,8.747770E1,1.105534E2,1.397475E2,-6.639469E1,2.215858E2,-3.206320E2,5.836956E2,6.686410E1,1.513399E2,-2.280793E2
9.999333E-1,-4.620086E2,-4.030791E1,-4.228941E2,-1.541965E2,-1.430398E2,-3.571157E2,3.077228E2,-2.577392E2,8.891307E1,1.109666E2,1.401918E2,-6.651149E1,2.217602E2,-3.206529E2,5.831548E2,6.653228E1,1.514928E2,-2.258570E2
1.066596E0,-4.570000E2,-3.900000E1,-4.266805E2,-1.544676E2,-1.434287E2,-3.564974E2,3.081500E2,-2.569121E2,9.199057E1,1.103682E2,1.400516E2,-6.663112E1,2.190000E2,-3.230000E2,5.813045E2,6.653216E1,1.503110E2,-2.250857E2
1.133258E0,-4.568573E2,-3.897596E1,-4.262406E2,-1.545334E2,-1.438176E2,-3.566279E2,3.076563E2,-2.560044E2,9.147051E1,1.095756E2,1.389457E2,-6.738863E1,2.193311E2,-3.240437E2,5.819159E2,6.625872E1,1.500564E2,-2.252920E2
1.199920E0,-4.571686E2,-3.943228E1,-4.259503E2,-1.545545E2,-1.458116E2,-3.553313E2,3.086587E2,-2.548998E2,9.134379E1,1.099332E2,1.386872E2,-6.821448E1,2.205106E2,-3.245169E2,5.820652E2,6.646736E1,1.504136E2,-2.263966E2
1.266582E0,-4.566239E2,-4.107173E1,-4.259837E2,-1.563871E2,-1.454935E2,-3.552857E2,3.093313E2,-2.546641E2,8.972570E1,1.111400E2,1.390511E2,-6.849005E1,2.212236E2,-3.262932E2,5.815298E2,6.660669E1,1.507805E2,-2.278115E2
1.333244E0,-4.581049E2,-4.178255E1,-4.261904E2,-1.564522E2,-1.455661E2,-3.557673E2,3.076714E2,-2.542619E2,9.025336E1,1.105670E2,1.392148E2,-6.844598E1,2.208985E2,-3.273575E2,5.818821E2,6.669306E1,1.501371E2,-2.253425E2
1.399907E0,-4.582202E2,-4.130139E1,-4.251463E2,-1.584144E2,-1.470919E2,-3.557478E2,3.079849E2,-2.547712E2,9.052954E1,1.112645E2,1.401475E2,-6.841044E1,2.203477E2,-3.277585E2,5.818985E2,6.679507E1,1.509009E2,-2.255819E2
1.466569E0,-4.575047E2,-4.233245E1,-4.245000E2,-1.580000E2,-1.447535E2,-3.545611E2,3.085506E2,-2.547389E2,9.132262E1,1.122602E2,1.401191E2,-6.800042E1,2.188988E2,-3.300791E2,5.820558E2,6.469649E1,1.498094E2,-2.254600E2
1.533231E0,-4.591816E2,-4.240435E1,-4.243362E2,-1.580195E2,-1.437488E2,-3.569405E2,3.091947E2,-2.537321E2,9.137385E1,1.103482E2,1.401066E2,-6.862021E1,2.178764E2,-3.298636E2,5.803041E2,6.443447E1,1.486416E2,-2.248950E2
1.599893E0,-4.580488E2,-4.085025E1,-4.236884E2,-1.591711E2,-1.434661E2,-3.562704E2,3.090555E2,-2.533845E2,9.043796E1,1.121051E2,1.395257E2,-6.870861E1,2.174423E2,-3.296858E2,5.823502E2,6.322079E1,1.493392E2,-2.251918E2
1.666556E0,-4.589726E2,-3.957006E1,-4.212167E2,-1.609147E2,-1.441239E2,-3.554493E2,3.092704E2,-2.535646E2,8.901446E1,1.127341E2,1.403082E2,-6.881320E1,2.166474E2,-3.320796E2,5.819816E2,6.387878E1,1.513265E2,-2.266739E2
1.733218E0,-4.585383E2,-4.021456E1,-4.218148E2,-1.609065E2,-1.445276E2,-3.556984E2,3.075000E2,-2.550000E2,9.103662E1,1.109252E2,1.399636E2,-6.878894E1,2.179445E2,-3.321720E2,5.820078E2,6.334456E1,1.512221E2,-2.262766E2
1.799880E0,-4.583231E2,-4.080103E1,-4.212171E2,-1.612941E2,-1.465043E2,-3.554634E2,3.076165E2,-2.555905E2,8.971691E1,1.127048E2,1.399135E2,-6.849853E1,2.183998E2,-3.312955E2,5.821420E2,6.376051E1,1.512104E2,-2.262582E2
1.866542E0,-4.580272E2,-4.091503E1,-4.234330E2,-1.628046E2,-1.465171E2,-3.555984E2,3.075466E2,-2.576221E2,8.946279E1,1.107639E2,1.398845E2,-6.866341E1,2.182154E2,-3.316602E2,5.815086E2,6.356429E1,1.512270E2,-2.260883E2
1.933204E0,-4.580952E2,-4.084736E1,-4.250460E2,-1.623370E2,-1.482072E2,-3.535088E2,3.072990E2,-2.577008E2,9.135263E1,1.125318E2,1.395594E2,-6.856005E1,2.176286E2,-3.315931E2,5.822993E2,6.361023E1,1.501509E2,-2.284004E2
1.999867E0,-4.580780E2,-4.194327E1,-4.248379E2,-1.630073E2,-1.480950E2,-3.526659E2,3.077581E2,-2.596706E2,9.163258E1,1.131618E2,1.402393E2,-6.775114E1,2.179981E2,-3.328720E2,5.821683E2,6.322651E1,1.496576E2,-2.304337E2
2.066529E0,-4.579413E2,-4.177506E1,-4.225289E2,-1.630519E2,-1.484994E2,-3.526234E2,3.074115E2,-2.599422E2,9.011758E1,1.144371E2,1.395448E2,-6.741727E1,2.180795E2,-3.329031E2,5.835778E2,6.375301E1,1.514114E2,-2.282975E2
2.133191E0,-4.580154E2,-4.018396E1,-4.197317E2,-1.611135E2,-1.450000E2,-3.580000E2,3.077702E2,-2.610443E2,8.969241E1,1.134406E2,1.390479E2,-6.762395E1,2.180156E2,-3.334548E2,5.839266E2,6.364814E1,1.518690E2,-2.286249E2
2.199853E0,-4.579639E2,-4.001857E1,-4.174293E2,-1.591919E2,-1.447549E2,-3.572622E2,3.075608E2,-2.607435E2,8.902271E1,1.133826E2,1.382321E2,-6.838740E1,2.182928E2,-3.332083E2,5.838791E2,6.195833E1,1.527307E2,-2.284363E2
2.266516E0,-4.605000E2,-4.200000E1,-4.171902E2,-1.598393E2,-1.453635E2,-3.552118E2,3.076283E2,-2.614145E2,9.024670E1,1.142413E2,1.397789E2,-6.842736E1,2.179542E2,-3.330802E2,5.843169E2,6.107600E1,1.524868E2,-2.278510E2
2.333178E0,-4.592733E2,-4.219404E1,-4.154004E2,-1.603019E2,-1.432633E2,-3.549816E2,3.075687E2,-2.616676E2,9.041213E1,1.142344E2,1.406630E2,-6.950895E1,2.177629E2,-3.329640E2,5.840847E2,6.060109E1,1.513644E2,-2.274708E2
2.399840E0,-4.596404E2,-4.175253E1,-4.139765E2,-1.576882E2,-1.431560E2,-3.568138E2,3.070505E2,-2.621130E2,9.048726E1,1.140944E2,1.392948E2,-7.144815E1,2.184538E2,-3.334346E2,5.844504E2,5.885323E1,1.513910E2,-2.274904E2
2.466502E0,-4.624601E2,-4.203980E1,-4.140802E2,-1.578447E2,-1.432859E2,-3.574113E2,3.075190E2,-2.623111E2,9.010996E1,1.142832E2,1.389306E2,-7.155734E1,2.180259E2,-3.333050E2,5.843186E2,5.860510E1,1.495346E2,-2.275319E2
2.533164E0,-4.633708E2,-4.185774E1,-4.120715E2,-1.562782E2,-1.428733E2,-3.572453E2,3.085624E2,-2.618746E2,9.061444E1,1.142102E2,1.393656E2,-7.165263E1,2.191939E2,-3.346431E2,5.817718E2,5.855456E1,1.488454E2,-2.273754E2
2.599827E0,-4.648600E2,-4.178363E1,-4.129859E2,-1.557757E2,-1.427850E2,-3.568129E2,3.102027E2,-2.637198E2,9.089108E1,1.138837E2,1.387166E2,-7.169216E1,2.207503E2,-3.348724E2,5.819729E2,5.824782E1,1.483275E2,-2.272572E2
2.666489E0,-4.621544E2,-4.227106E1,-4.131602E2,-1.561293E2,-1.430441E2,-3.561401E2,3.126723E2,-2.641159E2,9.060369E1,1.126034E2,1.386775E2,-7.166328E1,2.212703E2,-3.352575E2,5.816693E2,5.685230E1,1.485496E2,-2.277116E2
2.733151E0,-4.617305E2,-4.195580E1,-4.152586E2,-1.559702E2,-1.403480E2,-3.557876E2,3.143338E2,-2.638580E2,9.125184E1,1.126900E2,1.402577E2,-7.143042E1,2.228827E2,-3.354525E2,5.820987E2,5.655937E1,1.482281E2,-2.274948E2
2.799813E0,-4.612812E2,-4.308155E1,-4.150978E2,-1.562864E2,-1.397803E2,-3.557668E2,3.146303E2,-2.639557E2,9.133907E1,1.133816E2,1.400174E2,-7.150935E1,2.180000E2,-3.340000E2,5.822355E2,5.627814E1,1.480413E2,-2.272536E2
2.866476E0,-4.611315E2,-4.114688E1,-4.154688E2,-1.553121E2,-1.398014E2,-3.575254E2,3.124641E2,-2.638392E2,9.277074E1,1.118661E2,1.390984E2,-7.154045E1,2.177645E2,-3.341871E2,5.820493E2,5.635347E1,1.482987E2,-2.274603E2
2.933138E0,-4.642737E2,-4.298513E1,-4.159397E2,-1.526425E2,-1.398305E2,-3.579264E2,3.143383E2,-2.640097E2,9.366808E1,1.112729E2,1.393710E2,-7.119817E1,2.181488E2,-3.338987E2,5.822262E2,5.538302E1,1.486496E2,-2.279632E2
2.999800E0,-4.616432E2,-4.309738E1,-4.155968E2,-1.531611E2,-1.384942E2,-3.579783E2,3.144009E2,-2.655656E2,9.377242E1,1.095770E2,1.392783E2,-6.975724E1,2.183951E2,-3.338630E2,5.822984E2,5.513592E1,1.486762E2,-2.293635E2
3.066462E0,-4.617569E2,-4.290730E1,-4.158704E2,-1.546565E2,-1.399770E2,-3.581193E2,3.147727E2,-2.662731E2,9.521673E1,1.115706E2,1.401190E2,-6.969524E1,2.180828E2,-3.338484E2,5.821515E2,5.535901E1,1.483652E2,-2.292457E2
3.133124E0,-4.618900E2,-4.096693E1,-4.153690E2,-1.559041E2,-1.398488E2,-3.578933E2,3.145337E2,-2.659602E2,9.674264E1,1.105551E2,1.399131E2,-6.948754E1,2.200000E2,-3.350000E2,5.821931E2,5.507250E1,1.464877E2,-2.312414E2
3.199787E0,-4.623243E2,-4.000297E1,-4.178780E2,-1.577727E2,-1.380512E2,-3.560762E2,3.144629E2,-2.658365E2,9.641677E1,1.111544E2,1.398547E2,-6.966161E1,2.197717E2,-3.347279E2,5.822829E2,5.535400E1,1.405000E2,-2.425000E2
3.266449E0,-4.601711E2,-4.135902E1,-4.177037E2,-1.598452E2,-1.378254E2,-3.578047E2,3.145748E2,-2.661813E2,9.552076E1,1.122427E2,1.401104E2,-6.939981E1,2.217473E2,-3.353633E2,5.800396E2,5.370869E1,1.409856E2,-2.426592E2
3.333111E0,-4.607023E2,-3.915968E1,-4.174825E2,-1.602945E2,-1.383747E2,-3.582025E2,3.146317E2,-2.682446E2,9.564773E1,1.116465E2,1.404477E2,-6.943918E1,2.219142E2,-3.345916E2,5.802876E2,5.139067E1,1.420735E2,-2.406949E2
3.399773E0,-4.621931E2,-4.099579E1,-4.189156E2,-1.588633E2,-1.380432E2,-3.573314E2,3.144656E2,-2.641247E2,9.531084E1,1.120043E2,1.400036E2,-6.949092E1,2.237661E2,-3.352128E2,5.798511E2,5.166808E1,1.408074E2,-2.409838E2
3.466436E0,-4.624527E2,-4.120679E1,-4.195304E2,-1.592469E2,-1.375778E2,-3.566362E2,3.146657E2,-2.640400E2,9.527736E1,1.120889E2,1.400939E2,-6.963485E1,2.241039E2,-3.348654E2,5.804833E2,5.010980E1,1.422151E2,-2.400582E2
3.533098E0,-4.608776E2,-4.094561E1,-4.186248E2,-1.600157E2,-1.375336E2,-3.569156E2,3.142851E2,-2.636406E2,9.726164E1,1.122489E2,1.402023E2,-6.987394E1,2.236594E2,-3.350842E2,5.803036E2,5.032364E1,1.428084E2,-2.403628E2
3.599760E0,-4.605191E2,-4.266295E1,-4.200664E2,-1.584309E2,-1.378721E2,-3.570503E2,3.190000E2,-2.625000E2,9.702352E1,1.124075E2,1.400916E2,-6.946923E1,2.240558E2,-3.348981E2,5.800384E2,5.059035E1,1.425653E2,-2.409788E2
3.666422E0,-4.577527E2,-4.666028E1,-4.206393E2,-1.571689E2,-1.380916E2,-3.571946E2,3.188731E2,-2.623824E2,9.746185E1,1.119740E2,1.401149E2,-6.958328E1,2.235433E2,-3.367805E2,5.792218E2,5.112737E1,1.429748E2,-2.404443E2
3.733084E0,-4.573077E2,-4.728853E1,-4.203287E2,-1.565325E2,-1.364355E2,-3.571622E2,3.155000E2,-2.610000E2,9.747884E1,1.122936E2,1.398688E2,-6.983073E1,2.236130E2,-3.370221E2,5.805007E2,5.136454E1,1.427145E2,-2.401283E2
3.799747E0,-4.595848E2,-4.882867E1,-4.203934E2,-1.569834E2,-1.342469E2,-3.569370E2,3.190000E2,-2.550000E2,9.867695E1,1.118021E2,1.410941E2,-6.875759E1,2.242570E2,-3.369318E2,5.794767E2,5.124121E1,1.440089E2,-2.416900E2
3.866409E0,-4.613043E2,-4.892062E1,-4.207451E2,-1.557306E2,-1.337846E2,-3.568999E2,3.270000E2,-2.580000E2,9.942311E1,1.126678E2,1.409050E2,-6.851861E1,2.239070E2,-3.366976E2,5.788431E2,5.073021E1,1.451962E2,-2.415921E2
3.933071E0,-4.616381E2,-4.881173E1,-4.205704E2,-1.558755E2,-1.340175E2,-3.580429E2,3.254548E2,-2.559248E2,9.750632E1,1.133786E2,1.398081E2,-6.957504E1,2.240869E2,-3.372181E2,5.788932E2,5.000141E1,1.435078E2,-2.418972E2
3.999733E0,-4.607297E2,-4.974141E1,-4.204936E2,-1.542428E2,-1.342503E2,-3.580773E2,3.270000E2,-2.580365E2,9.688023E1,1.122536E2,1.397932E2,-6.986584E1,2.241719E2,-3.371728E2,5.790875E2,5.046591E1,1.435706E2,-2.413980E2
4.066396E0,-4.622403E2,-4.983535E1,-4.203152E2,-1.539338E2,-1.341244E2,-3.581640E2,3.266458E2,-2.561206E2,9.678497E1,1.119731E2,1.398598E2,-6.951454E1,2.235697E2,-3.357554E2,5.806136E2,4.870940E1,1.431256E2,-2.413638E2
4.133058E0,-4.649884E2,-4.980903E1,-4.185734E2,-1.546489E2,-1.340772E2,-3.561858E2,3.274664E2,-2.557695E2,9.461710E1,1.115145E2,1.398938E2,-6.977821E1,2.242407E2,-3.370552E2,5.810800E2,4.685164E1,1.437656E2,-2.415334E2
4.199720E0,-4.622694E2,-4.828795E1,-4.164926E2,-1.567454E2,-1.338430E2,-3.557987E2,3.274101E2,-2.560640E2,9.417807E1,1.127136E2,1.422064E2,-6.924824E1,2.241076E2,-3.369623E2,5.809518E2,4.623729E1,1.434340E2,-2.419548E2
4.266382E0,-4.623837E2,-4.794704E1,-4.163453E2,-1.613828E2,-1.340951E2,-3.558980E2,3.252527E2,-2.578657E2,9.628640E1,1.164380E2,1.421987E2,-6.951530E1,2.239573E2,-3.369637E2,5.811258E2,4.605557E1,1.418881E2,-2.397872E2
4.333044E0,-4.614415E2,-4.905916E1,-4.162456E2,-1.609624E2,-1.338141E2,-3.560432E2,3.248475E2,-2.583665E2,9.669302E1,1.159806E2,1.417321E2,-6.979615E1,2.239299E2,-3.370353E2,5.814748E2,4.397022E1,1.396519E2,-2.406387E2
4.399707E0,-4.612587E2,-4.692223E1,-4.164501E2,-1.605638E2,-1.336209E2,-3.556170E2,3.231686E2,-2.596706E2,9.649232E1,1.160527E2,1.401551E2,-6.941948E1,2.240382E2,-3.371352E2,5.809192E2,4.342456E1,1.374063E2,-2.396646E2
4.466369E0,-4.625966E2,-4.594463E1,-4.164073E2,-1.602553E2,-1.357494E2,-3.562660E2,3.232152E2,-2.600063E2,9.458821E1,1.162846E2,1.416105E2,-6.957709E1,2.240070E2,-3.369164E2,5.792583E2,4.160750E1,1.372359E2,-2.397423E2
4.533031E0,-4.641866E2,-4.597119E1,-4.174103E2,-1.575222E2,-1.361000E2,-3.562603E2,3.228889E2,-2.602198E2,9.170925E1,1.159467E2,1.435014E2,-6.968805E1,2.223890E2,-3.371240E2,5.783731E2,4.211617E1,1.390850E2,-2.394901E2
4.599693E0,-4.646891E2,-4.606117E1,-4.173628E2,-1.578370E2,-1.361787E2,-3.562821E2,3.275000E2,-2.635000E2,9.163206E1,1.158366E2,1.442432E2,-6.958369E1,2.218393E2,-3.368639E2,5.792509E2,4.070566E1,1.385285E2,-2.396477E2
4.666356E0,-4.640592E2,-4.635517E1,-4.178906E2,-1.565205E2,-1.355704E2,-3.577897E2,3.275989E2,-2.633174E2,9.136780E1,1.176026E2,1.441522E2,-6.970492E1,2.231324E2,-3.379715E2,5.785656E2,3.984480E1,1.381384E2,-2.375453E2
4.733018E0,-4.710000E2,-4.800000E1,-4.168320E2,-1.558380E2,-1.359209E2,-3.562253E2,3.277745E2,-2.635572E2,9.104667E1,1.180717E2,1.440018E2,-6.885153E1,2.247730E2,-3.381631E2,5.786851E2,3.976271E1,1.385566E2,-2.364323E2
4.799680E0,-4.709857E2,-4.809320E1,-4.170082E2,-1.558483E2,-1.342771E2,-3.578988E2,3.290881E2,-2.656295E2,9.150603E1,1.182497E2,1.443954E2,-6.849800E1,2.246092E2,-3.378453E2,5.774747E2,3.934605E1,1.386432E2,-2.368616E2
4.866342E0,-4.711683E2,-4.711409E1,-4.174278E2,-1.559383E2,-1.319543E2,-3.597654E2,3.298036E2,-2.652878E2,9.137071E1,1.186750E2,1.437525E2,-6.812331E1,2.250629E2,-3.379738E2,5.789591E2,4.125670E1,1.386991E2,-2.376496E2
4.933004E0,-4.707295E2,-4.669130E1,-4.170470E2,-1.584625E2,-1.327727E2,-3.607233E2,3.172313E2,-2.856448E2,9.156941E1,1.190727E2,1.439858E2,-6.871876E1,2.271377E2,-3.383595E2,5.767521E2,4.190965E1,1.384474E2,-2.376079E2
4.999667E0,-4.707585E2,-4.682252E1,-4.175960E2,-1.561982E2,-1.326909E2,-3.610855E2,3.191401E2,-2.848544E2,9.168662E1,1.188697E2,1.436725E2,-6.862269E1,2.271332E2,-3.392804E2,5.770575E2,4.143379E1,1.403664E2,-2.374869E2
5.066329E0,-4.711398E2,-4.730424E1,-4.170065E2,-1.565772E2,-1.332327E2,-3.590303E2,3.193391E2,-2.827585E2,8.972389E1,1.172462E2,1.442779E2,-6.825231E1,2.271475E2,-3.392069E2,5.779675E2,4.079004E1,1.404610E2,-2.377991E2
5.132991E0,-4.709439E2,-4.715733E1,-4.163087E2,-1.589727E2,-1.329971E2,-3.589272E2,3.182526E2,-2.805034E2,8.945044E1,1.185831E2,1.440708E2,-6.838809E1,2.262997E2,-3.389512E2,5.793277E2,3.925051E1,1.402946E2,-2.356367E2
5.199653E0,-4.706480E2,-4.784989E1,-4.163017E2,-1.591364E2,-1.329673E2,-3.589255E2,3.182456E2,-2.809500E2,8.969157E1,1.181492E2,1.438040E2,-6.863796E1,2.259653E2,-3.388532E2,5.790377E2,3.990450E1,1.396915E2,-2.355343E2
5.266316E0,-4.706951E2,-4.736698E1,-4.165407E2,-1.588538E2,-1.323004E2,-3.608252E2,3.187614E2,-2.801049E2,8.755461E1,1.143475E2,1.440852E2,-6.875331E1,2.261986E2,-3.391852E2,5.789897E2,4.104036E1,1.405000E2,-2.440000E2
5.332978E0,-4.711952E2,-4.720349E1,-4.163398E2,-1.605414E2,-1.319623E2,-3.618540E2,3.180000E2,-2.770000E2,8.584473E1,1.126483E2,1.422671E2,-6.842641E1,2.260486E2,-3.389956E2,5.789351E2,4.141762E1,1.396687E2,-2.440833E2
5.399640E0,-4.687629E2,-4.651737E1,-4.171440E2,-1.617472E2,-1.321196E2,-3.622287E2,3.181737E2,-2.770046E2,8.363870E1,1.130336E2,1.414428E2,-6.886397E1,2.243664E2,-3.387263E2,5.791083E2,4.166069E1,1.411804E2,-2.442558E2
5.466302E0,-4.684658E2,-4.878199E1,-4.150712E2,-1.619869E2,-1.303735E2,-3.619858E2,3.177887E2,-2.771188E2,8.329620E1,1.152086E2,1.409412E2,-6.888775E1,2.241611E2,-3.390101E2,5.799397E2,4.159879E1,1.408052E2,-2.441120E2
5.532964E0,-4.686181E2,-4.976291E1,-4.159178E2,-1.622564E2,-1.291103E2,-3.640174E2,3.184071E2,-2.769083E2,8.374278E1,1.136394E2,1.417178E2,-6.832383E1,2.244031E2,-3.389790E2,5.799671E2,4.162485E1,1.423847E2,-2.443589E2
5.599627E0,-4.691316E2,-4.811172E1,-4.175766E2,-1.628749E2,-1.294872E2,-3.624160E2,3.270000E2,-2.830000E2,8.339214E1,1.158219E2,1.422581E2,-6.838902E1,2.232657E2,-3.401019E2,5.803477E2,4.124211E1,1.423866E2,-2.465956E2
5.666289E0,-4.687473E2,-4.791052E1,-4.170962E2,-1.648966E2,-1.291701E2,-3.622099E2,3.274083E2,-2.826387E2,8.438559E1,1.152442E2,1.419171E2,-6.845079E1,2.230911E2,-3.400437E2,5.818559E2,4.124268E1,1.424328E2,-2.475253E2
5.732951E0,-4.686245E2,-4.660493E1,-4.176839E2,-1.648695E2,-1.385000E2,-3.615000E2,3.253003E2,-2.828967E2,8.431395E1,1.159552E2,1.421527E2,-6.861692E1,2.227589E2,-3.397705E2,5.839820E2,4.152236E1,1.422866E2,-2.491052E2
5.799613E0,-4.689079E2,-4.567380E1,-4.170268E2,-1.634953E2,-1.385000E2,-3.615000E2,3.244687E2,-2.829937E2,8.646065E1,1.178972E2,1.423071E2,-6.859393E1,2.231193E2,-3.389944E2,5.857480E2,4.180315E1,1.443833E2,-2.502247E2
5.866276E0,-4.702442E2,-4.618742E1,-4.172454E2,-1.628691E2,-1.370000E2,-3.650000E2,3.237626E2,-2.812479E2,8.606456E1,1.188979E2,1.418677E2,-6.852147E1,2.211796E2,-3.383277E2,5.859019E2,4.161684E1,1.437308E2,-2.476428E2
5.932938E0,-4.693412E2,-4.584035E1,-4.178138E2,-1.633115E2,-1.420000E2,-3.645000E2,3.267532E2,-2.809261E2,8.625912E1,1.192570E2,1.421919E2,-6.838202E1,2.209226E2,-3.388866E2,5.860014E2,3.978119E1,1.415372E2,-2.459855E2
5.999600E0,-4.689935E2,-4.607952E1,-4.173745E2,-1.615419E2,-1.405000E2,-3.640000E2,3.266679E2,-2.810799E2,8.658157E1,1.183828E2,1.418562E2,-6.866958E1,2.206886E2,-3.389129E2,5.862318E2,3.708077E1,1.415743E2,-2.476273E2
6.066262E0,-4.687395E2,-4.357305E1,-4.170881E2,-1.622598E2,-1.240000E2,-3.800000E2,3.269911E2,-2.811549E2,8.648934E1,1.164436E2,1.421890E2,-6.880633E1,2.211942E2,-3.391011E2,5.858954E2,3.756239E1,1.415592E2,-2.496112E2
6.132924E0,-4.690387E2,-4.116824E1,-4.187532E2,-1.618919E2,-1.375000E2,-3.630000E2,3.259889E2,-2.811068E2,8.615687E1,1.172400E2,1.418549E2,-6.859085E1,2.223730E2,-3.382177E2,5.840169E2,3.574207E1,1.413285E2,-2.504328E2
6.199587E0,-4.679996E2,-4.056011E1,-4.179370E2,-1.609886E2,-1.274236E2,-3.648801E2,3.243258E2,-2.789250E2,8.684080E1,1.169748E2,1.419131E2,-6.865098E1,2.217595E2,-3.376963E2,5.825573E2,3.557996E1,1.415676E2,-2.498780E2
6.266249E0,-4.680104E2,-4.053132E1,-4.183053E2,-1.618472E2,-1.267324E2,-3.632340E2,3.240105E2,-2.796405E2,8.837079E1,1.170125E2,1.417776E2,-6.854596E1,2.221743E2,-3.398647E2,5.832003E2,3.543977E1,1.417098E2,-2.498477E2
6.332911E0,-4.652502E2,-4.041211E1,-4.183620E2,-1.619727E2,-1.266591E2,-3.626538E2,3.221458E2,-2.801450E2,9.036635E1,1.167426E2,1.419153E2,-6.901996E1,2.221945E2,-3.403937E2,5.831028E2,3.541627E1,1.434161E2,-2.521994E2
6.399573E0,-4.648565E2,-3.977992E1,-4.204130E2,-1.618001E2,-1.272224E2,-3.629444E2,3.224188E2,-2.798459E2,9.043781E1,1.171336E2,1.417644E2,-6.919071E1,2.222658E2,-3.402331E2,5.806815E2,3.373139E1,1.433348E2,-2.523899E2
6.466236E0,-4.649172E2,-4.035692E1,-4.204902E2,-1.624558E2,-1.271862E2,-3.648276E2,3.235527E2,-2.802706E2,9.051355E1,1.157551E2,1.419589E2,-6.956983E1,2.216694E2,-3.380596E2,5.806508E2,3.356413E1,1.429721E2,-2.517964E2
6.532898E0,-4.636541E2,-3.967013E1,-4.186614E2,-1.635756E2,-1.254740E2,-3.650734E2,3.232042E2,-2.802641E2,9.015902E1,1.143212E2,1.427530E2,-6.950912E1,2.215984E2,-3.375320E2,5.830980E2,3.310678E1,1.425546E2,-2.520519E2
6.599560E0,-4.639136E2,-4.176963E1,-4.184399E2,-1.653264E2,-1.246220E2,-3.649133E2,3.228975E2,-2.802409E2,9.037467E1,1.142363E2,1.429772E2,-6.957507E1,2.175000E2,-3.390000E2,5.829497E2,3.425837E1,1.423217E2,-2.521691E2
6.666222E0,-4.641795E2,-4.254119E1,-4.176883E2,-1.649059E2,-1.230946E2,-3.663516E2,3.233502E2,-2.795575E2,9.033268E1,1.138696E2,1.425806E2,-7.062934E1,2.185924E2,-3.391379E2,5.831320E2,3.440172E1,1.429729E2,-2.522338E2
6.732884E0,-4.618158E2,-4.316060E1,-4.157405E2,-1.646835E2,-1.233732E2,-3.664666E2,3.249072E2,-2.799741E2,9.062313E1,1.138445E2,1.434699E2,-6.965133E1,2.187181E2,-3.390361E2,5.821293E2,3.441426E1,1.420000E2,-2.510000E2
6.799547E0,-4.616035E2,-4.336656E1,-4.157137E2,-1.650488E2,-1.229074E2,-3.652681E2,3.269201E2,-2.821151E2,9.058279E1,1.141890E2,1.425262E2,-6.962045E1,2.160856E2,-3.407517E2,5.822591E2,3.441581E1,1.439030E2,-2.524288E2
6.866209E0,-4.607945E2,-4.233398E1,-4.156730E2,-1.666741E2,-1.211789E2,-3.663243E2,3.290173E2,-2.838720E2,9.074686E1,1.137611E2,1.430239E2,-6.942930E1,2.166311E2,-3.410806E2,5.802528E2,3.415968E1,1.439390E2,-2.520974E2
6.932871E0,-4.605341E2,-4.467514E1,-4.153905E2,-1.664605E2,-1.228946E2,-3.662430E2,3.290213E2,-2.839512E2,9.036122E1,1.144779E2,1.427851E2,-6.935723E1,2.154628E2,-3.409043E2,5.799939E2,3.347020E1,1.423340E2,-2.523910E2
6.999533E0,-4.584042E2,-4.485948E1,-4.157490E2,-1.658787E2,-1.208851E2,-3.669505E2,3.269261E2,-2.822909E2,9.241086E1,1.139428E2,1.432011E2,-6.935795E1,2.114677E2,-3.408596E2,5.802387E2,3.105806E1,1.401922E2,-2.540527E2
7.066196E0,-4.562389E2,-4.306672E1,-4.156212E2,-1.659502E2,-1.213308E2,-3.674740E2,3.268864E2,-2.819075E2,9.408263E1,1.162722E2,1.432434E2,-6.977480E1,2.143757E2,-3.391545E2,5.805114E2,3.095542E1,1.418076E2,-2.524880E2
7.132858E0,-4.538525E2,-4.309073E1,-4.155013E2,-1.660359E2,-1.211765E2,-3.672956E2,3.268016E2,-2.824386E2,9.659233E1,1.175352E2,1.427788E2,-7.029233E1,2.142504E2,-3.387912E2,5.832204E2,2.988016E1,1.417210E2,-2.520817E2
7.199520E0,-4.535504E2,-4.307723E1,-4.170034E2,-1.681820E2,-1.207347E2,-3.668475E2,3.267727E2,-2.823270E2,9.490901E1,1.159067E2,1.439895E2,-7.057425E1,2.143289E2,-3.389599E2,5.832077E2,2.843028E1,1.410504E2,-2.518210E2
7.266182E0,-4.538116E2,-4.166131E1,-4.167314E2,-1.685267E2,-1.189476E2,-3.669352E2,3.287494E2,-2.843247E2,9.466100E1,1.160281E2,1.436237E2,-7.105888E1,2.154799E2,-3.390937E2,5.850634E2,2.808211E1,1.411399E2,-2.518817E2
7.332844E0,-4.539666E2,-4.194329E1,-4.168455E2,-1.706148E2,-1.188963E2,-3.668635E2,3.295000E2,-2.870000E2,9.451413E1,1.159611E2,1.444306E2,-7.170348E1,2.174817E2,-3.390485E2,5.836056E2,2.788076E1,1.418440E2,-2.518270E2
7.399507E0,-4.536655E2,-3.973969E1,-4.181124E2,-1.714304E2,-1.210062E2,-3.671611E2,3.297201E2,-2.865762E2,9.299517E1,1.159796E2,1.419439E2,-7.157183E1,2.178485E2,-3.393578E2,5.838529E2,2.763266E1,1.420576E2,-2.521303E2
7.466169E0,-4.540840E2,-4.032078E1,-4.166185E2,-1.702210E2,-1.204257E2,-3.671069E2,3.292508E2,-2.871768E2,9.239654E1,1.160474E2,1.417636E2,-7.134464E1,2.173920E2,-3.388765E2,5.819925E2,2.743086E1,1.421537E2,-2.519413E2
7.532831E0,-4.540076E2,-3.824241E1,-4.163667E2,-1.698901E2,-1.201119E2,-3.669389E2,3.279017E2,-2.867373E2,9.266504E1,1.177059E2,1.423012E2,-7.179799E1,2.173278E2,-3.386081E2,5.816639E2,2.753853E1,1.428184E2,-2.503391E2
7.599493E0,-4.536569E2,-3.746748E1,-4.166494E2,-1.700656E2,-1.215897E2,-3.651235E2,3.267283E2,-2.871997E2,9.473066E1,1.198117E2,1.418637E2,-7.181058E1,2.193310E2,-3.371638E2,5.821875E2,2.768763E1,1.422876E2,-2.501578E2
7.666156E0,-4.537558E2,-3.607889E1,-4.157172E2,-1.703221E2,-1.219864E2,-3.640684E2,3.270961E2,-2.868219E2,9.643886E1,1.219111E2,1.422788E2,-7.116111E1,2.195588E2,-3.380774E2,5.819223E2,2.749702E1,1.436290E2,-2.503957E2
7.732818E0,-4.538244E2,-3.545381E1,-4.144550E2,-1.697894E2,-1.221948E2,-3.640352E2,3.276009E2,-2.850035E2,9.666628E1,1.216273E2,1.406736E2,-7.146005E1,2.195340E2,-3.364287E2,5.817882E2,2.749167E1,1.442206E2,-2.501522E2
7.799480E0,-4.532267E2,-3.603557E1,-4.123696E2,-1.688576E2,-1.243406E2,-3.643156E2,3.293591E2,-2.850165E2,9.643258E1,1.201458E2,1.409849E2,-7.149319E1,2.197250E2,-3.364100E2,5.820197E2,2.752000E1,1.442290E2,-2.501481E2
7.866142E0,-4.532416E2,-3.595862E1,-4.109706E2,-1.689515E2,-1.242532E2,-3.641868E2,3.300000E2,-2.810000E2,9.558127E1,1.201837E2,1.409810E2,-7.142595E1,2.195066E2,-3.377756E2,5.810837E2,2.771313E1,1.438172E2,-2.500795E2
7.932804E0,-4.521648E2,-3.478367E1,-4.103198E2,-1.692030E2,-1.238428E2,-3.640680E2,3.300000E2,-2.810000E2,9.512500E1,1.201805E2,1.317531E2,-7.982156E1,2.194479E2,-3.383220E2,5.829548E2,2.749997E1,1.445308E2,-2.498272E2
7.999467E0,-4.536931E2,-3.518871E1,-4.106345E2,-1.708951E2,-1.245906E2,-3.639770E2,3.302494E2,-2.809064E2,9.652177E1,1.190877E2,1.324559E2,-7.930226E1,2.196961E2,-3.363808E2,5.830334E2,2.747721E1,1.450387E2,-2.493840E2
8.066129E0,-4.543547E2,-3.385811E1,-4.100913E2,-1.711252E2,-1.245193E2,-3.643281E2,3.301612E2,-2.808751E2,9.663822E1,1.185556E2,1.317617E2,-7.982760E1,2.195897E2,-3.351381E2,5.829911E2,2.732884E1,1.458977E2,-2.504068E2
8.132791E0,-4.521470E2,-3.394590E1,-4.105139E2,-1.710580E2,-1.385000E2,-3.660000E2,3.280327E2,-2.790757E2,9.624615E1,1.188314E2,1.319140E2,-7.957506E1,2.192257E2,-3.349633E2,5.828284E2,2.737791E1,1.461329E2,-2.502231E2
8.199453E0,-4.524227E2,-3.502095E1,-4.084685E2,-1.703416E2,-1.345000E2,-3.630000E2,3.261996E2,-2.768220E2,9.860505E1,1.189996E2,1.316921E2,-8.013639E1,2.193314E2,-3.350220E2,5.840405E2,2.720113E1,1.458881E2,-2.503447E2
8.266116E0,-4.521045E2,-3.494513E1,-4.082563E2,-1.701692E2,-1.170000E2,-3.825000E2,3.260793E2,-2.768940E2,9.807920E1,1.189158E2,1.322366E2,-7.981293E1,2.110000E2,-3.450000E2,5.838932E2,2.750846E1,1.444192E2,-2.521115E2
8.332778E0,-4.500934E2,-3.453899E1,-4.097131E2,-1.695184E2,-1.425000E2,-3.645000E2,3.275000E2,-2.830000E2,9.854746E1,1.192757E2,1.317639E2,-7.970009E1,2.134173E2,-3.452582E2,5.832773E2,2.540751E1,1.436290E2,-2.521173E2
8.399440E0,-4.502874E2,-3.744698E1,-4.093440E2,-1.700632E2,-1.425000E2,-3.645000E2,3.272656E2,-2.834574E2,9.877552E1,1.189728E2,1.320498E2,-7.993425E1,2.120752E2,-3.469305E2,5.813832E2,2.533491E1,1.447445E2,-2.524266E2
8.466102E0,-4.481084E2,-3.940196E1,-4.093653E2,-1.707385E2,-1.445000E2,-3.630000E2,3.275498E2,-2.829581E2,9.875506E1,1.185107E2,1.326191E2,-7.883738E1,2.135494E2,-3.469040E2,5.811728E2,2.539671E1,1.438824E2,-2.535963E2
8.532764E0,-4.479876E2,-3.869966E1,-4.095667E2,-1.709368E2,-1.200000E2,-3.810000E2,3.270775E2,-2.830543E2,9.729965E1,1.194245E2,1.329224E2,-7.875424E1,2.144897E2,-3.473888E2,5.809401E2,2.553694E1,1.455315E2,-2.538843E2
8.599427E0,-4.477967E2,-4.081296E1,-4.091845E2,-1.722325E2,-1.425000E2,-3.610000E2,3.273328E2,-2.839181E2,9.907978E1,1.173306E2,1.327497E2,-7.879782E1,2.156423E2,-3.469410E2,5.797960E2,2.573600E1,1.475930E2,-2.548519E2
8.666089E0,-4.482129E2,-4.161858E1,-4.071863E2,-1.724852E2,-1.195000E2,-3.750000E2,3.274110E2,-2.839187E2,9.927223E1,1.154258E2,1.328168E2,-7.880396E1,2.157082E2,-3.489043E2,5.801081E2,2.359128E1,1.450000E2,-2.580000E2
8.732751E0,-4.483146E2,-4.311847E1,-4.076583E2,-1.699301E2,-1.195000E2,-3.750000E2,3.275376E2,-2.842205E2,1.002026E2,1.140221E2,1.337635E2,-7.737493E1,2.156652E2,-3.488176E2,5.817638E2,2.361300E1,1.450122E2,-2.578643E2
8.799413E0,-4.499450E2,-4.321789E1,-4.061939E2,-1.701752E2,-1.195000E2,-3.750000E2,3.278056E2,-2.837709E2,1.023096E2,1.158432E2,1.340127E2,-7.742578E1,2.161789E2,-3.490448E2,5.829639E2,2.341905E1,1.449882E2,-2.571663E2
8.866076E0,-4.499919E2,-4.339254E1,-4.061901E2,-1.698574E2,-1.195000E2,-3.750000E2,3.271658E2,-2.844228E2,1.024683E2,1.160510E2,1.341845E2,-7.833300E1,2.164599E2,-3.494052E2,5.830525E2,2.380158E1,1.451242E2,-2.569639E2
8.932738E0,-4.500702E2,-4.179626E1,-4.052461E2,-1.709992E2,-1.225000E2,-3.820000E2,3.273927E2,-2.845306E2,1.025667E2,1.158221E2,1.340538E2,-7.874994E1,2.159392E2,-3.490919E2,5.830948E2,2.336354E1,1.448192E2,-2.583109E2
8.999400E0,-4.488456E2,-4.416868E1,-4.047444E2,-1.714367E2,-1.165000E2,-3.770000E2,3.273934E2,-2.852327E2,1.025654E2,1.160598E2,1.344451E2,-7.721462E1,2.155182E2,-3.486211E2,5.828204E2,2.352614E1,1.460013E2,-2.553913E2
9.066062E0,-4.500575E2,-4.613918E1,-4.042220E2,-1.708446E2,-1.185000E2,-3.780000E2,3.300000E2,-2.875000E2,1.040898E2,1.180105E2,1.339814E2,-7.758803E1,2.141096E2,-3.487839E2,5.831715E2,2.284108E1,1.457488E2,-2.553407E2
9.132724E0,-4.500359E2,-4.814016E1,-4.050325E2,-1.706941E2,-1.180000E2,-3.760000E2,3.318891E2,-2.876094E2,1.045471E2,1.180720E2,1.342749E2,-7.746859E1,2.144167E2,-3.494140E2,5.831433E2,2.208776E1,1.458312E2,-2.550682E2
9.199387E0,-4.507467E2,-4.609569E1,-4.051570E2,-1.682000E2,-1.180000E2,-3.760000E2,3.318956E2,-2.859237E2,1.048118E2,1.175941E2,1.336906E2,-7.771739E1,2.139262E2,-3.505654E2,5.830983E2,2.241415E1,1.455141E2,-2.549868E2
9.266049E0,-4.506182E2,-4.426494E1,-4.053781E2,-1.680488E2,-1.200000E2,-3.750000E2,3.320089E2,-2.854754E2,1.042517E2,1.182845E2,1.338167E2,-7.776027E1,2.143264E2,-3.513293E2,5.824620E2,2.237724E1,1.464925E2,-2.550482E2
9.332711E0,-4.510921E2,-4.428153E1,-4.056874E2,-1.679449E2,-1.200000E2,-3.750000E2,3.316421E2,-2.855389E2,1.050398E2,1.199095E2,1.346468E2,-7.764338E1,2.139691E2,-3.505900E2,5.821361E2,2.235883E1,1.443399E2,-2.571426E2
9.399373E0,-4.506917E2,-4.232211E1,-4.050937E2,-1.681696E2,-1.220000E2,-3.760000E2,3.319452E2,-2.852595E2,1.058458E2,1.195475E2,1.348006E2,-7.741916E1,2.125000E2,-3.510000E2,5.819489E2,2.262378E1,1.423268E2,-2.588773E2
9.466036E0,-4.508020E2,-4.217187E1,-4.044605E2,-1.688382E2,-1.185000E2,-3.760000E2,3.320554E2,-2.842572E2,1.051495E2,1.202998E2,1.351065E2,-7.748846E1,2.100502E2,-3.505659E2,5.820652E2,2.210992E1,1.406029E2,-2.581385E2
9.532698E0,-4.502463E2,-4.113632E1,-4.046603E2,-1.691349E2,-1.185000E2,-3.760000E2,3.321247E2,-2.846388E2,1.053997E2,1.218376E2,1.346076E2,-7.751927E1,2.106154E2,-3.520686E2,5.815833E2,2.261515E1,1.394906E2,-2.585530E2
9.599360E0,-4.518479E2,-4.292853E1,-4.048019E2,-1.670122E2,-1.175000E2,-3.750000E2,3.301124E2,-2.848381E2,1.054139E2,1.219020E2,1.349875E2,-7.741649E1,2.079245E2,-3.520108E2,5.801683E2,2.046946E1,1.414824E2,-2.576071E2
9.666022E0,-4.524119E2,-4.280119E1,-4.045324E2,-1.667922E2,-1.175000E2,-3.750000E2,3.298827E2,-2.841698E2,1.051043E2,1.222193E2,1.351836E2,-7.794447E1,2.072558E2,-3.538885E2,5.818644E2,2.041513E1,1.411087E2,-2.575328E2
9.732684E0,-4.521222E2,-4.086017E1,-4.066821E2,-1.667639E2,-1.155000E2,-3.750000E2,3.308909E2,-2.846148E2,1.053743E2,1.223352E2,1.349916E2,-7.774660E1,2.059632E2,-3.561953E2,5.819405E2,1.885285E1,1.414958E2,-2.567476E2
9.799347E0,-4.528793E2,-4.301476E1,-4.064346E2,-1.671596E2,-1.155000E2,-3.750000E2,3.314595E2,-2.842938E2,1.053214E2,1.217433E2,1.347823E2,-7.733695E1,2.053975E2,-3.559356E2,5.835201E2,1.896143E1,1.417343E2,-2.574048E2
9.866009E0,-4.526210E2,-4.278042E1,-4.060357E2,-1.654498E2,-1.150000E2,-3.770000E2,3.311107E2,-2.847122E2,1.033041E2,1.204871E2,1.350731E2,-7.739563E1,2.058850E2,-3.562167E2,5.859077E2,1.929792E1,1.432358E2,-2.535978E2
9.932671E0,-4.522956E2,-4.319817E1,-4.062006E2,-1.653298E2,-1.165000E2,-3.765000E2,3.311533E2,-2.845937E2,1.034430E2,1.201332E2,1.349305E2,-7.771875E1,2.030828E2,-3.576761E2,5.861665E2,1.572603E1,1.431295E2,-2.545536E2
9.999333E0,-4.519107E2,-4.040274E1,-4.045382E2,-1.650756E2,-1.166883E2,-3.764978E2,3.308413E2,-2.852451E2,1.033422E2,1.199878E2,1.350980E2,-7.728471E1,2.016650E2,-3.558165E2,5.857371E2,1.572253E1,1.429375E2,-2.545722E2
1.006600E1,-4.524873E2,-3.980656E1,-4.043329E2,-1.669570E2,-1.177601E2,-3.764665E2,3.326809E2,-2.855310E2,1.038163E2,1.196484E2,1.351666E2,-7.746687E1,2.010049E2,-3.538325E2,5.860244E2,1.578631E1,1.431331E2,-2.548293E2
1.013266E1,-4.516363E2,-4.044107E1,-4.045273E2,-1.666923E2,-1.156501E2,-3.746222E2,3.331916E2,-2.855248E2,1.035723E2,1.191431E2,1.349407E2,-7.811835E1,2.010340E2,-3.526809E2,5.858282E2,1.576296E1,1.426244E2,-2.547376E2
1.019932E1,-4.523117E2,-4.209995E1,-4.046929E2,-1.648658E2,-1.153736E2,-3.754114E2,3.330919E2,-2.854202E2,1.052101E2,1.188006E2,1.348670E2,-7.867420E1,2.018957E2,-3.529853E2,5.839896E2,1.576674E1,1.427381E2,-2.535326E2
1.026598E1,-4.503853E2,-4.178797E1,-4.021760E2,-1.632968E2,-1.157184E2,-3.730111E2,3.333251E2,-2.853631E2,1.050541E2,1.188659E2,1.350532E2,-7.780417E1,1.965000E2,-3.530000E2,5.831419E2,1.613231E1,1.432376E2,-2.540433E2
1.033264E1,-4.511247E2,-4.367328E1,-4.008441E2,-1.629134E2,-1.157874E2,-3.752486E2,3.328617E2,-2.857830E2,1.054186E2,1.173291E2,1.348856E2,-7.758207E1,1.948952E2,-3.514483E2,5.825314E2,1.695364E1,1.436824E2,-2.543356E2
1.039931E1,-4.516193E2,-4.573074E1,-4.008465E2,-1.629554E2,-1.155470E2,-3.773608E2,3.328014E2,-2.857827E2,1.053224E2,1.150954E2,1.351768E2,-7.739053E1,1.943740E2,-3.493022E2,5.849524E2,1.828100E1,1.440958E2,-2.542008E2
1.046597E1,-4.517092E2,-4.638981E1,-4.016916E2,-1.619172E2,-1.165157E2,-3.775411E2,3.330566E2,-2.855022E2,1.056225E2,1.148360E2,1.346695E2,-7.776175E1,1.929479E2,-3.491957E2,5.848717E2,2.009454E1,1.430640E2,-2.561950E2
1.053263E1,-4.523725E2,-4.575468E1,-4.013511E2,-1.618391E2,-1.166976E2,-3.774481E2,3.334968E2,-2.853149E2,9.800000E1,1.180000E2,1.348686E2,-7.835439E1,1.924952E2,-3.489676E2,5.854533E2,2.035644E1,1.421516E2,-2.561251E2
1.059929E1,-4.522242E2,-4.458991E1,-4.014198E2,-1.618735E2,-1.163766E2,-3.787121E2,3.334109E2,-2.852267E2,9.792271E1,1.172167E2,1.345855E2,-7.863815E1,1.918625E2,-3.491501E2,5.850891E2,2.207652E1,1.403615E2,-2.581657E2
1.066596E1,-4.539654E2,-4.409836E1,-3.997854E2,-1.619079E2,-1.168153E2,-3.773444E2,3.334165E2,-2.853031E2,9.837617E1,1.162163E2,1.351055E2,-7.852420E1,1.916623E2,-3.489577E2,5.849833E2,2.273335E1,1.401314E2,-2.582306E2
1.073262E1,-4.540420E2,-4.426204E1,-3.996120E2,-1.618951E2,-1.166503E2,-3.758546E2,3.331308E2,-2.854074E2,9.800027E1,1.161646E2,1.345397E2,-7.858406E1,1.904890E2,-3.490513E2,5.841710E2,2.272853E1,1.400875E2,-2.581010E2
1.079928E1,-4.539379E2,-4.433170E1,-3.998116E2,-1.638635E2,-1.161932E2,-3.753499E2,3.329014E2,-2.856826E2,9.765704E1,1.158226E2,1.353916E2,-7.857029E1,1.903466E2,-3.486655E2,5.839172E2,2.215690E1,1.392687E2,-2.576927E2
1.086594E1,-4.533075E2,-4.442393E1,-4.012938E2,-1.641617E2,-1.166418E2,-3.736986E2,3.348199E2,-2.876419E2,1.000000E2,1.180000E2,1.350968E2,-7.866001E1,1.903859E2,-3.507600E2,5.823365E2,2.084816E1,1.377303E2,-2.563522E2
1.093260E1,-4.530685E2,-4.408699E1,-4.020490E2,-1.641132E2,-1.170111E2,-3.752597E2,3.350980E2,-2.883384E2,1.002107E2,1.162508E2,1.348982E2,-7.844498E1,1.965000E2,-3.530000E2,5.838204E2,2.000122E1,1.381445E2,-2.552586E2
1.099927E1,-4.531935E2,-4.567202E1,-4.021316E2,-1.641844E2,-1.179106E2,-3.733079E2,3.348289E2,-2.886369E2,9.969734E1,1.156757E2,1.348396E2,-7.870503E1,1.964068E2,-3.530284E2,5.822714E2,2.254121E1,1.378642E2,-2.543840E2
1.106593E1,-4.528975E2,-4.777833E1,-4.009060E2,-1.658061E2,-1.174436E2,-3.738338E2,3.347830E2,-2.888361E2,1.000610E2,1.162330E2,1.349585E2,-7.759614E1,1.957861E2,-3.518703E2,5.820472E2,2.235525E1,1.380718E2,-2.535824E2
1.113259E1,-4.532367E2,-4.993040E1,-4.007659E2,-1.649255E2,-1.171804E2,-3.734463E2,3.339885E2,-2.884824E2,9.981637E1,1.160815E2,1.352111E2,-7.729326E1,1.951968E2,-3.540720E2,5.818686E2,2.245584E1,1.363436E2,-2.530116E2
1.119925E1,-4.532812E2,-4.984814E1,-4.005568E2,-1.628654E2,-1.168038E2,-3.734633E2,3.336936E2,-2.886339E2,1.007990E2,1.161148E2,1.345281E2,-7.750363E1,1.978663E2,-3.541506E2,5.821710E2,2.215808E1,1.356153E2,-2.533697E2
1.126592E1,-4.528999E2,-4.823098E1,-4.000061E2,-1.613422E2,-1.167675E2,-3.744488E2,3.324788E2,-2.881013E2,1.008185E2,1.158911E2,1.345062E2,-7.761807E1,1.979334E2,-3.541906E2,5.821331E2,2.225469E1,1.359341E2,-2.529259E2
1.133258E1,-4.548563E2,-4.706547E1,-4.003659E2,-1.606493E2,-1.162242E2,-3.741786E2,3.320891E2,-2.864356E2,1.025310E2,1.140186E2,1.357962E2,-7.789664E1,2.003394E2,-3.526922E2,5.817113E2,2.246498E1,1.362708E2,-2.530003E2
1.139924E1,-4.544058E2,-4.664028E1,-4.003241E2,-1.590503E2,-1.154430E2,-3.744111E2,3.329660E2,-2.865835E2,1.029669E2,1.127446E2,1.358800E2,-7.777986E1,1.967957E2,-3.530312E2,5.815000E2,2.450000E1,1.356702E2,-2.524720E2
1.146590E1,-4.528375E2,-4.486385E1,-4.019937E2,-1.588060E2,-1.144175E2,-3.737535E2,3.328946E2,-2.847395E2,1.014401E2,1.114743E2,1.354803E2,-7.776005E1,1.965544E2,-3.532157E2,5.813047E2,2.405781E1,1.358599E2,-2.523626E2
1.153256E1,-4.525959E2,-4.611824E1,-3.981583E2,-1.594276E2,-1.143970E2,-3.725047E2,3.330055E2,-2.864269E2,1.008359E2,1.110670E2,1.348596E2,-7.772269E1,1.965754E2,-3.509799E2,5.823791E2,2.480001E1,1.347264E2,-2.516913E2
1.159923E1,-4.531053E2,-4.580196E1,-3.981284E2,-1.604539E2,-1.131804E2,-3.707503E2,3.339128E2,-2.864242E2,1.007492E2,1.107897E2,1.350458E2,-7.774589E1,1.952225E2,-3.489167E2,5.824141E2,2.453812E1,1.349753E2,-2.502567E2
1.166589E1,-4.533143E2,-4.621167E1,-4.001550E2,-1.598576E2,-1.107256E2,-3.687039E2,3.359615E2,-2.876056E2,1.009981E2,1.112058E2,1.349733E2,-7.754376E1,1.950062E2,-3.493520E2,5.809950E2,2.614903E1,1.351057E2,-2.488465E2
1.173255E1,-4.531768E2,-4.827884E1,-4.008136E2,-1.582454E2,-1.105571E2,-3.693874E2,3.381022E2,-2.876202E2,1.008504E2,1.129094E2,1.353669E2,-7.784717E1,1.958087E2,-3.487180E2,5.782907E2,2.668247E1,1.365047E2,-2.490172E2
1.179921E1,-4.502010E2,-4.680612E1,-4.000272E2,-1.580698E2,-1.096406E2,-3.674431E2,3.381358E2,-2.874499E2,1.013336E2,1.110558E2,1.367556E2,-7.757194E1,1.956884E2,-3.487793E2,5.782920E2,2.490100E1,1.373055E2,-2.493108E2
1.186588E1,-4.495154E2,-4.723812E1,-4.012392E2,-1.578011E2,-1.086337E2,-3.677561E2,3.384457E2,-2.871158E2,1.009342E2,1.109995E2,1.369669E2,-7.751033E1,1.954541E2,-3.510695E2,5.783540E2,2.415578E1,1.386252E2,-2.482762E2
1.193254E1,-4.499744E2,-4.773143E1,-4.019352E2,-1.575191E2,-1.093061E2,-3.679935E2,3.383062E2,-2.873191E2,1.006075E2,1.110438E2,1.366207E2,-7.785086E1,1.955746E2,-3.515384E2,5.766434E2,2.362254E1,1.408397E2,-2.461906E2
1.199920E1,-4.503741E2,-4.871080E1,-4.038385E2,-1.577003E2,-1.094098E2,-3.659289E2,3.373838E2,-2.893843E2,1.013767E2,1.110891E2,1.363354E2,-7.776928E1,1.951718E2,-3.524724E2,5.764338E2,2.055244E1,1.422701E2,-2.462025E2
1.206586E1,-4.496811E2,-4.941894E1,-4.015288E2,-1.579349E2,-1.098049E2,-3.672230E2,3.372588E2,-2.892665E2,1.013935E2,1.110611E2,1.358596E2,-7.785169E1,1.951827E2,-3.522328E2,5.755000E2,1.750000E1,1.401893E2,-2.476631E2
1.213252E1,-4.519653E2,-4.802680E1,-4.025155E2,-1.578233E2,-1.084108E2,-3.710273E2,3.391102E2,-2.914275E2,1.011689E2,1.127240E2,1.371044E2,-7.753313E1,1.956055E2,-3.519570E2,5.774950E2,1.822440E1,1.429283E2,-2.477873E2
1.219919E1,-4.518118E2,-4.761368E1,-4.005314E2,-1.592244E2,-1.084908E2,-3.710717E2,3.410250E2,-2.916834E2,1.012540E2,1.130734E2,1.371987E2,-7.584818E1,1.953821E2,-3.523880E2,5.775044E2,1.813282E1,1.430809E2,-2.475132E2
1.226585E1,-4.522090E2,-4.788749E1,-4.000049E2,-1.590211E2,-1.086587E2,-3.703078E2,3.407795E2,-2.918424E2,1.007176E2,1.125321E2,1.386083E2,-7.564814E1,1.958035E2,-3.517071E2,5.755556E2,1.842076E1,1.415167E2,-2.479736E2
1.233251E1,-4.522816E2,-4.875169E1,-4.021775E2,-1.612016E2,-1.083650E2,-3.716077E2,3.408323E2,-2.916861E2,1.012863E2,1.134428E2,1.390032E2,-7.567410E1,1.956546E2,-3.525176E2,5.742736E2,1.965623E1,1.422651E2,-2.479870E2
1.239917E1,-4.522011E2,-4.903030E1,-4.022148E2,-1.630957E2,-1.080661E2,-3.716000E2,3.410220E2,-2.914905E2,1.013268E2,1.134216E2,1.389750E2,-7.567004E1,1.958893E2,-3.527521E2,5.748776E2,1.923907E1,1.435295E2,-2.478613E2
1.246584E1,-4.517244E2,-4.848344E1,-4.027104E2,-1.648092E2,-1.105079E2,-3.718927E2,3.410842E2,-2.912577E2,1.033956E2,1.146568E2,1.390803E2,-7.559286E1,1.949727E2,-3.531634E2,5.748339E2,1.909021E1,1.442114E2,-2.467907E2
1.253250E1,-4.518394E2,-4.829302E1,-4.008111E2,-1.636965E2,-1.106278E2,-3.712149E2,3.550000E2,-2.910000E2,1.011135E2,1.133206E2,1.381888E2,-7.616120E1,1.942073E2,-3.532537E2,5.728144E2,1.555722E1,1.426600E2,-2.448344E2
1.259916E1,-4.517049E2,-4.753949E1,-3.995439E2,-1.641861E2,-1.105254E2,-3.715688E2,3.585000E2,-2.925000E2,1.019379E2,1.130848E2,1.376652E2,-7.688741E1,1.911129E2,-3.531268E2,5.721724E2,1.564149E1,1.428511E2,-2.452009E2
1.266582E1,-4.537493E2,-4.631846E1,-4.002862E2,-1.661874E2,-1.103131E2,-3.716103E2,3.550000E2,-2.875000E2,1.024511E2,1.120389E2,1.380416E2,-7.663735E1,1.916339E2,-3.531572E2,5.737238E2,1.507667E1,1.436655E2,-2.453113E2
1.273248E1,-4.538569E2,-4.678415E1,-4.008054E2,-1.659321E2,-1.100929E2,-3.716724E2,3.540000E2,-2.795000E2,1.015974E2,1.117127E2,1.375074E2,-7.677360E1,1.918648E2,-3.526859E2,5.748004E2,1.727598E1,1.458162E2,-2.452198E2
1.279915E1,-4.528960E2,-4.493001E1,-4.002328E2,-1.673372E2,-1.083308E2,-3.718437E2,3.539614E2,-2.797440E2,1.020662E2,1.124681E2,1.381813E2,-7.618324E1,1.916438E2,-3.528128E2,5.767890E2,1.721088E1,1.468067E2,-2.450086E2
1.286581E1,-4.531265E2,-4.475484E1,-3.969865E2,-1.646362E2,-1.086285E2,-3.715466E2,3.543733E2,-2.793257E2,1.024766E2,1.120832E2,1.378997E2,-7.677358E1,1.913104E2,-3.512697E2,5.761883E2,1.767287E1,1.463942E2,-2.463388E2
1.293247E1,-4.532575E2,-4.469820E1,-3.964142E2,-1.649619E2,-1.083125E2,-3.714699E2,3.539629E2,-2.797215E2,1.031402E2,1.130224E2,1.359477E2,-7.649982E1,1.915214E2,-3.511036E2,5.779710E2,1.711792E1,1.469473E2,-2.459836E2
1.299913E1,-4.529099E2,-4.658562E1,-3.964301E2,-1.653095E2,-1.069842E2,-3.695837E2,3.542539E2,-2.798698E2,1.026216E2,1.126767E2,1.379078E2,-7.658926E1,1.917023E2,-3.510549E2,5.803319E2,1.943600E1,1.467219E2,-2.467773E2
1.306580E1,-4.512213E2,-4.797308E1,-3.964961E2,-1.654023E2,-1.071171E2,-3.691254E2,3.539112E2,-2.796537E2,1.031346E2,1.112762E2,1.391200E2,-7.645239E1,1.925258E2,-3.509201E2,5.810000E2,1.600000E1,1.473327E2,-2.488634E2
1.313246E1,-4.502921E2,-5.091311E1,-3.964041E2,-1.650080E2,-1.086567E2,-3.696598E2,3.522404E2,-2.792668E2,1.029083E2,1.107204E2,1.388441E2,-7.638437E1,1.934622E2,-3.531848E2,5.811317E2,1.673450E1,1.468053E2,-2.491756E2
1.319912E1,-4.502344E2,-5.088899E1,-3.962048E2,-1.644164E2,-1.087038E2,-3.701005E2,3.522945E2,-2.792596E2,1.025346E2,1.115577E2,1.392740E2,-7.636156E1,1.935359E2,-3.547155E2,5.814102E2,1.673035E1,1.482643E2,-2.490779E2
1.326578E1,-4.509494E2,-4.914866E1,-3.948968E2,-1.617499E2,-1.083193E2,-3.709914E2,3.536839E2,-2.779995E2,1.030397E2,1.117852E2,1.389984E2,-7.649780E1,1.938529E2,-3.545042E2,5.804784E2,1.763908E1,1.487993E2,-2.477555E2
1.333244E1,-4.511592E2,-4.677015E1,-3.940264E2,-1.634740E2,-1.085287E2,-3.700735E2,3.539329E2,-2.777163E2,1.026454E2,1.106308E2,1.386839E2,-7.632036E1,1.954140E2,-3.550395E2,5.780544E2,1.804886E1,1.476607E2,-2.496143E2
1.339911E1,-4.513401E2,-4.488114E1,-3.946365E2,-1.630270E2,-1.081344E2,-3.722047E2,3.538397E2,-2.776642E2,1.034461E2,1.100712E2,1.391092E2,-7.638276E1,1.954804E2,-3.557905E2,5.776202E2,1.835531E1,1.479614E2,-2.500301E2
1.346577E1,-4.510649E2,-4.254839E1,-3.995000E2,-1.665000E2,-1.084230E2,-3.726177E2,3.540821E2,-2.774351E2,1.029081E2,1.097699E2,1.385588E2,-7.654276E1,1.971402E2,-3.581630E2,5.764704E2,1.782119E1,1.479554E2,-2.497530E2
1.353243E1,-4.512650E2,-4.271855E1,-3.983062E2,-1.674723E2,-1.090595E2,-3.723423E2,3.542331E2,-2.771994E2,1.014085E2,1.101014E2,1.415000E2,-6.650000E1,1.968689E2,-3.597966E2,5.757672E2,1.820471E1,1.464630E2,-2.480477E2
1.359909E1,-4.507745E2,-4.323576E1,-3.996821E2,-1.684375E2,-1.077572E2,-3.732832E2,3.539636E2,-2.792031E2,1.006014E2,1.099345E2,1.430889E2,-6.630982E1,1.967452E2,-3.617716E2,5.756456E2,1.915907E1,1.463847E2,-2.488631E2
1.366576E1,-4.489289E2,-4.273161E1,-3.991005E2,-1.683963E2,-1.074013E2,-3.719513E2,3.540496E2,-2.778535E2,1.005468E2,1.098127E2,1.435816E2,-6.690278E1,1.966666E2,-3.619877E2,5.759034E2,1.890680E1,1.439600E2,-2.496089E2
1.373242E1,-4.474062E2,-4.310420E1,-3.998038E2,-1.684087E2,-1.076880E2,-3.697324E2,3.540646E2,-2.776424E2,1.007566E2,1.102031E2,1.447769E2,-6.705669E1,1.950803E2,-3.622772E2,5.759439E2,1.857255E1,1.438336E2,-2.498009E2
1.379908E1,-4.466055E2,-4.331743E1,-3.994115E2,-1.685639E2,-1.062953E2,-3.678772E2,3.537828E2,-2.779055E2,1.011502E2,1.101741E2,1.444236E2,-6.739473E1,1.964671E2,-3.582274E2,5.761480E2,2.043387E1,1.440141E2,-2.499003E2
1.386574E1,-4.466610E2,-4.333614E1,-3.996435E2,-1.698377E2,-1.065325E2,-3.690515E2,3.522269E2,-2.795685E2,1.001375E2,1.079483E2,1.462368E2,-6.732309E1,1.962350E2,-3.561546E2,5.759781E2,1.968589E1,1.440489E2,-2.500427E2
1.393240E1,-4.467693E2,-4.315585E1,-4.003345E2,-1.694624E2,-1.062071E2,-3.693166E2,3.526004E2,-2.789921E2,9.969508E1,1.075917E2,1.465553E2,-6.767780E1,1.950644E2,-3.542763E2,5.754848E2,1.995919E1,1.436677E2,-2.478514E2
1.399907E1,-4.473379E2,-4.279704E1,-3.993603E2,-1.683080E2,-1.064018E2,-3.695485E2,3.529223E2,-2.782922E2,9.881295E1,1.079754E2,1.466479E2,-6.715408E1,1.954958E2,-3.519991E2,5.735491E2,2.092296E1,1.441999E2,-2.478052E2
1.406573E1,-4.470952E2,-4.283945E1,-3.991475E2,-1.687586E2,-1.066148E2,-3.705136E2,3.531708E2,-2.782340E2,9.996364E1,1.092941E2,1.462998E2,-6.765838E1,1.954796E2,-3.519573E2,5.737502E2,2.116484E1,1.436239E2,-2.478237E2
1.413239E1,-4.472820E2,-4.463026E1,-3.997190E2,-1.684858E2,-1.066121E2,-3.703925E2,3.552842E2,-2.801103E2,9.846036E1,1.077793E2,1.462671E2,-6.787835E1,1.952520E2,-3.523103E2,5.743493E2,2.105300E1,1.456282E2,-2.503717E2
1.419905E1,-4.470407E2,-4.522353E1,-3.993562E2,-1.704760E2,-1.065555E2,-3.695761E2,3.548540E2,-2.825081E2,9.789567E1,1.078291E2,1.463048E2,-6.765951E1,1.952157E2,-3.502101E2,5.749311E2,2.000927E1,1.505000E2,-2.475000E2
1.426572E1,-4.467649E2,-4.721493E1,-3.998655E2,-1.724328E2,-1.081522E2,-3.704161E2,3.552035E2,-2.841190E2,9.848513E1,1.079388E2,1.464343E2,-6.771690E1,1.959211E2,-3.495491E2,5.749487E2,2.021288E1,1.507688E2,-2.471913E2
1.433238E1,-4.469857E2,-4.665505E1,-3.998928E2,-1.723693E2,-1.084709E2,-3.722781E2,3.551909E2,-2.842794E2,9.796898E1,1.080099E2,1.464608E2,-6.759237E1,1.953508E2,-3.509224E2,5.742409E2,2.020394E1,1.523626E2,-2.476343E2
1.439904E1,-4.470645E2,-4.708113E1,-3.992478E2,-1.744498E2,-1.067010E2,-3.717927E2,3.550189E2,-2.840276E2,9.779395E1,1.078422E2,1.461186E2,-6.822607E1,1.930760E2,-3.522080E2,5.740563E2,2.066612E1,1.524770E2,-2.475071E2
1.446570E1,-4.468030E2,-4.744547E1,-4.000456E2,-1.737802E2,-1.064871E2,-3.710385E2,3.550150E2,-2.840639E2,9.755963E1,1.079638E2,1.463111E2,-6.845192E1,1.940000E2,-3.512861E2,5.729816E2,2.196855E1,1.545000E2,-2.465000E2
1.453236E1,-4.471808E2,-4.752001E1,-4.012215E2,-1.718122E2,-1.065245E2,-3.704242E2,3.551494E2,-2.840235E2,9.840500E1,1.081628E2,1.481075E2,-6.806230E1,1.943084E2,-3.493843E2,5.720562E2,2.082682E1,1.546102E2,-2.469445E2
1.459903E1,-4.467523E2,-4.846158E1,-4.021239E2,-1.735906E2,-1.063942E2,-3.705459E2,3.546839E2,-2.848221E2,9.680387E1,1.081351E2,1.485930E2,-6.854190E1,1.953821E2,-3.488769E2,5.716810E2,2.117582E1,1.542722E2,-2.467419E2
1.466569E1,-4.471799E2,-5.158625E1,-4.042516E2,-1.755794E2,-1.052822E2,-3.709594E2,3.547853E2,-2.883251E2,9.782135E1,1.079909E2,1.484322E2,-6.810331E1,1.956984E2,-3.491129E2,5.700933E2,1.898337E1,1.547070E2,-2.467970E2
1.473235E1,-4.472177E2,-4.976368E1,-4.046179E2,-1.765313E2,-1.051995E2,-3.702046E2,3.547415E2,-2.888727E2,9.807839E1,1.068190E2,1.486385E2,-6.833888E1,1.954822E2,-3.520484E2,5.678253E2,1.808681E1,1.557254E2,-2.452013E2
1.479901E1,-4.473207E2,-4.982514E1,-4.046860E2,-1.763953E2,-1.055433E2,-3.705060E2,3.545237E2,-2.887686E2,9.923278E1,1.084819E2,1.484261E2,-6.846090E1,1.953300E2,-3.532222E2,5.678753E2,1.739545E1,1.559422E2,-2.448133E2
1.486568E1,-4.468711E2,-4.995629E1,-4.044912E2,-1.734622E2,-1.057161E2,-3.699286E2,3.548026E2,-2.888710E2,9.879583E1,1.094277E2,1.487979E2,-6.908402E1,1.951320E2,-3.536321E2,5.677892E2,1.724754E1,1.553204E2,-2.448231E2
1.493234E1,-4.471806E2,-5.002505E1,-4.042035E2,-1.742113E2,-1.056664E2,-3.696904E2,3.553669E2,-2.884898E2,9.898115E1,1.094396E2,1.491144E2,-6.933364E1,1.964155E2,-3.527781E2,5.684680E2,1.624704E1,1.551514E2,-2.446094E2
1.499900E1,-4.456899E2,-5.023889E1,-4.041278E2,-1.745701E2,-1.053398E2,-3.696754E2,3.547895E2,-2.888276E2,9.783384E1,1.102186E2,1.496161E2,-6.870413E1,1.966334E2,-3.529530E2,5.670900E2,1.457350E1,1.551438E2,-2.441373E2
1.506566E1,-4.461257E2,-4.992553E1,-4.045265E2,-1.751896E2,-1.054377E2,-3.682204E2,3.549684E2,-2.883800E2,9.687080E1,1.104175E2,1.494877E2,-6.789623E1,1.961236E2,-3.538720E2,5.670639E2,1.517258E1,1.551018E2,-2.434442E2
1.513232E1,-4.455944E2,-5.021633E1,-4.036974E2,-1.782394E2,-1.035797E2,-3.679616E2,3.572869E2,-2.904739E2,9.693568E1,1.085345E2,1.475547E2,-6.753555E1,1.972444E2,-3.523086E2,5.755000E2,1.700000E1,1.505000E2,-2.475000E2
1.519899E1,-4.456535E2,-4.837907E1,-4.026291E2,-1.796070E2,-1.033956E2,-3.679003E2,3.568072E2,-2.905543E2,9.723423E1,1.095790E2,1.485722E2,-6.736329E1,1.971189E2,-3.522048E2,5.760939E2,1.715911E1,1.503054E2,-2.456149E2
1.526565E1,-4.455957E2,-4.832421E1,-4.023547E2,-1.795786E2,-1.045088E2,-3.675119E2,3.568625E2,-2.927048E2,9.493485E1,1.076229E2,1.488205E2,-6.763771E1,1.975200E2,-3.511538E2,5.772092E2,1.509755E1,1.504016E2,-2.458500E2
1.533231E1,-4.461246E2,-4.799145E1,-4.013849E2,-1.807263E2,-1.048288E2,-3.682651E2,3.553162E2,-2.902694E2,9.535495E1,1.064477E2,1.485860E2,-6.767185E1,1.972746E2,-3.507358E2,5.773847E2,1.493213E1,1.580000E2,-2.470000E2
1.539897E1,-4.460554E2,-4.778501E1,-4.019096E2,-1.807092E2,-1.051132E2,-3.681877E2,3.553067E2,-2.903998E2,9.328543E1,1.053826E2,1.481665E2,-6.747058E1,1.975542E2,-3.527845E2,5.765382E2,1.482483E1,1.584612E2,-2.467460E2
1.546564E1,-4.461370E2,-4.773463E1,-4.012512E2,-1.806092E2,-1.033925E2,-3.685957E2,3.548697E2,-2.907871E2,9.493582E1,1.031393E2,1.489131E2,-6.761076E1,1.983599E2,-3.512746E2,5.759265E2,1.491459E1,1.596745E2,-2.455476E2
1.553230E1,-4.459417E2,-4.832248E1,-4.018966E2,-1.819098E2,-1.033336E2,-3.685034E2,3.548677E2,-2.907721E2,9.536632E1,1.010272E2,1.485230E2,-6.745659E1,1.980123E2,-3.523848E2,5.793490E2,1.504653E1,1.603286E2,-2.460287E2
1.559896E1,-4.470186E2,-4.778995E1,-4.019541E2,-1.811833E2,-1.032714E2,-3.686092E2,3.551043E2,-2.906157E2,9.387017E1,1.010238E2,1.485355E2,-6.762050E1,1.983580E2,-3.513755E2,5.812016E2,1.495514E1,1.603533E2,-2.470322E2
1.566562E1,-4.465059E2,-4.812673E1,-4.003873E2,-1.812576E2,-1.037489E2,-3.670892E2,3.551946E2,-2.903480E2,9.225566E1,1.027722E2,1.483404E2,-6.753652E1,1.988577E2,-3.506561E2,5.811462E2,1.468188E1,1.601686E2,-2.468192E2
1.573228E1,-4.472715E2,-4.772388E1,-3.983305E2,-1.812231E2,-1.032505E2,-3.676274E2,3.550351E2,-2.904916E2,9.249633E1,1.047613E2,1.484306E2,-6.758977E1,1.967011E2,-3.510031E2,5.803940E2,1.478216E1,1.618965E2,-2.472109E2
1.579895E1,-4.472206E2,-4.796433E1,-3.985032E2,-1.813998E2,-1.036699E2,-3.673592E2,3.548569E2,-2.907525E2,9.216926E1,1.050381E2,1.485068E2,-6.844394E1,1.959877E2,-3.528882E2,5.815409E2,1.306740E1,1.620207E2,-2.470022E2
1.586561E1,-4.449650E2,-4.814151E1,-3.986510E2,-1.797217E2,-1.033154E2,-3.678375E2,3.552808E2,-2.903347E2,9.141911E1,1.048103E2,1.487091E2,-6.833603E1,1.951767E2,-3.529969E2,5.809231E2,1.497344E1,1.630000E2,-2.505000E2
1.593227E1,-4.431288E2,-4.804742E1,-3.977565E2,-1.792216E2,-1.033162E2,-3.676576E2,3.568043E2,-2.919851E2,9.109662E1,1.049252E2,1.485241E2,-6.858162E1,1.957568E2,-3.507780E2,5.824030E2,1.499662E1,1.630182E2,-2.506235E2
1.599893E1,-4.428484E2,-4.832643E1,-3.966313E2,-1.778319E2,-1.053792E2,-3.670683E2,3.579396E2,-2.913114E2,9.158619E1,1.042838E2,1.484406E2,-6.682976E1,1.951782E2,-3.489606E2,5.808149E2,1.511401E1,1.627330E2,-2.509293E2
1.606560E1,-4.427379E2,-4.920091E1,-3.964061E2,-1.781031E2,-1.062308E2,-3.677307E2,3.565000E2,-2.895000E2,9.170021E1,1.051311E2,1.486581E2,-6.642638E1,1.960581E2,-3.491134E2,5.810469E2,1.509640E1,1.628824E2,-2.505391E2
1.613226E1,-4.430866E2,-4.899458E1,-3.952367E2,-1.795226E2,-1.065313E2,-3.677264E2,3.574916E2,-2.893340E2,9.240618E1,1.053736E2,1.480581E2,-6.673339E1,1.984965E2,-3.493409E2,5.813659E2,1.298602E1,1.628462E2,-2.506882E2
1.619892E1,-4.411884E2,-4.902417E1,-3.968204E2,-1.784257E2,-1.067701E2,-3.676660E2,3.572760E2,-2.896684E2,9.244510E1,1.048455E2,1.489204E2,-6.614776E1,1.974519E2,-3.490048E2,5.815170E2,1.294829E1,1.646427E2,-2.522371E2
1.626558E1,-4.385367E2,-4.926090E1,-3.966953E2,-1.794515E2,-1.046740E2,-3.678248E2,3.577914E2,-2.912674E2,9.159497E1,1.045680E2,1.469157E2,-6.618284E1,1.943195E2,-3.481645E2,5.834131E2,1.103634E1,1.645683E2,-2.520770E2
1.633224E1,-4.408041E2,-4.904324E1,-3.977693E2,-1.782258E2,-1.037855E2,-3.677678E2,3.566847E2,-2.914886E2,9.225350E1,1.050656E2,1.465724E2,-6.777294E1,1.945755E2,-3.468442E2,5.850576E2,1.089244E1,1.642364E2,-2.524277E2
1.639891E1,-4.408499E2,-4.720113E1,-3.965901E2,-1.775848E2,-1.015558E2,-3.657811E2,3.555107E2,-2.916078E2,9.174794E1,1.027088E2,1.466680E2,-6.766083E1,1.945187E2,-3.450502E2,5.855656E2,1.024530E1,1.641464E2,-2.526987E2
1.646557E1,-4.409438E2,-4.704867E1,-3.953903E2,-1.743545E2,-1.011748E2,-3.655851E2,3.537501E2,-2.914976E2,9.204200E1,1.025739E2,1.464185E2,-6.749678E1,1.948112E2,-3.448232E2,5.849358E2,1.218705E1,1.644491E2,-2.526780E2
1.653223E1,-4.414207E2,-4.666979E1,-3.955825E2,-1.745264E2,-1.018620E2,-3.655889E2,3.530795E2,-2.917385E2,9.070261E1,1.033292E2,1.463431E2,-6.770550E1,1.968148E2,-3.436418E2,5.840815E2,1.170944E1,1.669736E2,-2.514738E2
1.659889E1,-4.407793E2,-4.909092E1,-3.945215E2,-1.742909E2,-1.010676E2,-3.656854E2,3.556998E2,-2.932030E2,9.256772E1,1.050271E2,1.467215E2,-6.745814E1,1.965884E2,-3.446549E2,5.840302E2,1.362667E1,1.691957E2,-2.514654E2
1.666556E1,-4.392140E2,-4.883164E1,-3.943756E2,-1.730431E2,-1.014128E2,-3.659264E2,3.556900E2,-2.934867E2,9.140769E1,1.047509E2,1.466588E2,-6.758396E1,1.963339E2,-3.459570E2,5.867530E2,1.416361E1,1.691940E2,-2.517495E2
1.673222E1,-4.410253E2,-4.885585E1,-3.942778E2,-1.732689E2,-1.152979E2,-3.526564E2,3.535036E2,-2.936555E2,9.353852E1,1.032290E2,1.465026E2,-6.780447E1,1.969867E2,-3.438879E2,5.868302E2,1.601305E1,1.673764E2,-2.517061E2
1.679888E1,-4.407002E2,-4.714293E1,-3.948475E2,-1.750539E2,-1.139458E2,-3.541631E2,3.534065E2,-2.936499E2,9.394035E1,1.031504E2,1.468044E2,-6.726761E1,1.957387E2,-3.419263E2,5.863779E2,1.586368E1,1.668736E2,-2.516239E2
1.686554E1,-4.391666E2,-4.680659E1,-3.947165E2,-1.757113E2,-1.017580E2,-3.696529E2,3.550687E2,-2.937228E2,9.419561E1,1.048463E2,1.464962E2,-6.759640E1,1.955913E2,-3.397964E2,5.866025E2,1.605026E1,1.659848E2,-2.498915E2
1.693220E1,-4.391503E2,-4.760205E1,-3.945540E2,-1.758000E2,-1.014437E2,-3.693748E2,3.556221E2,-2.951381E2,9.569011E1,1.040707E2,1.465542E2,-6.783094E1,1.952574E2,-3.399827E2,5.865924E2,1.609367E1,1.661982E2,-2.492666E2
1.699887E1,-4.390563E2,-4.870484E1,-3.943203E2,-1.766918E2,-1.013511E2,-3.691760E2,3.553620E2,-2.958683E2,9.632110E1,1.046737E2,1.446003E2,-6.771866E1,1.957017E2,-3.397792E2,5.864884E2,1.478022E1,1.658589E2,-2.494823E2
1.706553E1,-4.389340E2,-4.712267E1,-3.949252E2,-1.763251E2,-1.019271E2,-3.697272E2,3.557144E2,-2.954557E2,9.565422E1,1.049573E2,1.444714E2,-6.755575E1,1.975582E2,-3.378247E2,5.861378E2,1.458442E1,1.639569E2,-2.506003E2
1.713219E1,-4.390168E2,-4.759321E1,-3.943144E2,-1.780862E2,-1.010997E2,-3.690797E2,3.551097E2,-2.958743E2,9.523388E1,1.052804E2,1.444898E2,-6.743342E1,1.990489E2,-3.401629E2,5.864653E2,1.490048E1,1.639430E2,-2.504600E2
1.719885E1,-4.388654E2,-4.634972E1,-3.947346E2,-1.786043E2,-1.014316E2,-3.693055E2,3.450000E2,-2.930000E2,9.471362E1,1.034011E2,1.445042E2,-6.702308E1,1.990979E2,-3.413080E2,5.865108E2,1.521942E1,1.643542E2,-2.505204E2
1.726552E1,-4.377872E2,-4.616734E1,-3.945200E2,-1.784675E2,-1.017185E2,-3.695287E2,3.447675E2,-2.933091E2,9.521477E1,1.013166E2,1.452632E2,-6.641286E1,1.993921E2,-3.408169E2,5.841437E2,1.468086E1,1.635690E2,-2.500152E2
1.733218E1,-4.401368E2,-4.586250E1,-3.955196E2,-1.788137E2,-1.023126E2,-3.692566E2,3.419640E2,-2.928837E2,9.301021E1,1.008824E2,1.464649E2,-6.635741E1,2.005405E2,-3.387886E2,5.865419E2,1.528718E1,1.657692E2,-2.505050E2
1.739884E1,-4.402665E2,-4.562271E1,-3.944691E2,-1.776602E2,-1.025190E2,-3.712872E2,3.450000E2,-2.930000E2,9.257872E1,9.925573E1,1.464718E2,-6.683130E1,1.987036E2,-3.386788E2,5.893057E2,1.505245E1,1.648671E2,-2.502786E2
1.746550E1,-4.383489E2,-4.457282E1,-3.946079E2,-1.761391E2,-1.026779E2,-3.714475E2,3.448771E2,-2.933566E2,9.319453E1,9.932716E1,1.464811E2,-6.644823E1,1.986213E2,-3.386442E2,5.892479E2,1.476804E1,1.649083E2,-2.522565E2
1.753216E1,-4.376973E2,-4.534347E1,-3.961092E2,-1.762560E2,-1.014863E2,-3.719353E2,3.446617E2,-2.946779E2,9.307110E1,1.007209E2,1.455489E2,-6.750617E1,1.985405E2,-3.389588E2,5.897205E2,1.521206E1,1.648224E2,-2.524429E2
1.759883E1,-4.387638E2,-4.505870E1,-3.968751E2,-1.761945E2,-1.005754E2,-3.711854E2,3.447800E2,-2.950197E2,9.162059E1,1.001122E2,1.452273E2,-6.820527E1,1.984005E2,-3.393215E2,5.907316E2,1.518894E1,1.627875E2,-2.541632E2
1.766549E1,-4.394790E2,-4.463374E1,-3.964892E2,-1.762401E2,-1.005021E2,-3.714967E2,3.459310E2,-2.970137E2,9.357824E1,1.001680E2,1.450729E2,-6.868707E1,1.984621E2,-3.391117E2,5.905515E2,1.512101E1,1.626216E2,-2.562688E2
1.773215E1,-4.388856E2,-4.594443E1,-3.959571E2,-1.760901E2,-9.955403E1,-3.726149E2,3.479425E2,-2.971020E2,9.394392E1,1.005865E2,1.455707E2,-6.848527E1,1.988131E2,-3.390537E2,5.905029E2,1.500244E1,1.632480E2,-2.575150E2
1.779881E1,-4.388515E2,-4.608985E1,-3.954485E2,-1.761492E2,-1.003135E2,-3.723470E2,3.681572E2,-3.005929E2,9.364297E1,1.005699E2,1.455366E2,-6.856356E1,1.999135E2,-3.391819E2,5.927595E2,1.518324E1,1.628992E2,-2.572855E2
1.786548E1,-4.373682E2,-4.578492E1,-3.952497E2,-1.764787E2,-1.001261E2,-3.745971E2,3.679268E2,-3.009542E2,9.389048E1,1.009458E2,1.450539E2,-6.883259E1,1.992447E2,-3.394842E2,5.925279E2,1.515815E1,1.622655E2,-2.570540E2
1.793214E1,-4.354929E2,-4.573771E1,-3.951469E2,-1.745915E2,-1.003137E2,-3.741675E2,3.699987E2,-3.007554E2,9.368675E1,1.008962E2,1.443618E2,-6.870229E1,1.993448E2,-3.392346E2,5.924333E2,1.491177E1,1.628060E2,-2.579286E2
1.799880E1,-4.350445E2,-4.414630E1,-3.957175E2,-1.748966E2,-1.009951E2,-3.749008E2,3.698725E2,-3.012689E2,9.403132E1,1.013393E2,1.346753E2,-7.844746E1,1.975606E2,-3.352742E2,5.907619E2,1.507296E1,1.628954E2,-2.562857E2
1.806546E1,-4.351805E2,-4.376133E1,-3.955436E2,-1.746201E2,-1.006123E2,-3.737499E2,3.699662E2,-3.014776E2,9.597430E1,1.000169E2,1.343140E2,-7.836884E1,1.974767E2,-3.350522E2,5.903283E2,1.492808E1,1.628991E2,-2.564528E2
1.813212E1,-4.345357E2,-4.432283E1,-3.955964E2,-1.744982E2,-1.003550E2,-3.717387E2,3.720017E2,-2.989305E2,9.760272E1,9.973230E1,1.345492E2,-7.832450E1,1.972475E2,-3.345865E2,5.924067E2,1.509510E1,1.626362E2,-2.561265E2
1.819879E1,-4.350633E2,-4.225154E1,-3.953827E2,-1.728183E2,-1.008935E2,-3.737668E2,3.722249E2,-2.970354E2,9.879586E1,1.018023E2,1.346629E2,-7.870359E1,1.997469E2,-3.349311E2,5.923909E2,1.495705E1,1.626111E2,-2.581501E2
1.826545E1,-4.352335E2,-4.253403E1,-3.940060E2,-1.708603E2,-1.022080E2,-3.722689E2,3.721316E2,-2.954571E2,9.866140E1,1.035039E2,1.345608E2,-7.842684E1,2.003572E2,-3.392129E2,5.924381E2,1.297884E1,1.628751E2,-2.583978E2
1.833211E1,-4.352065E2,-4.288496E1,-3.942677E2,-1.703589E2,-1.021941E2,-3.724243E2,3.721892E2,-2.948099E2,9.855059E1,1.022186E2,1.325830E2,-7.959056E1,1.994546E2,-3.406548E2,5.925855E2,1.303805E1,1.631033E2,-2.588457E2
1.839877E1,-4.349189E2,-4.295880E1,-3.938310E2,-1.695857E2,-1.014860E2,-3.717186E2,3.719811E2,-2.969429E2,9.874830E1,1.017613E2,1.326836E2,-7.924967E1,1.992088E2,-3.408115E2,5.942824E2,1.291273E1,1.640528E2,-2.595222E2
1.846544E1,-4.349775E2,-4.320293E1,-3.937675E2,-1.687264E2,-1.015667E2,-3.731931E2,3.702340E2,-2.937262E2,9.757411E1,9.982740E1,1.326887E2,-7.948148E1,1.996054E2,-3.406382E2,5.947803E2,1.310526E1,1.644910E2,-2.598315E2
1.853210E1,-4.334805E2,-4.062210E1,-3.948351E2,-1.671166E2,-1.013545E2,-3.719308E2,3.720110E2,-2.940278E2,9.732050E1,9.970015E1,1.331444E2,-7.881716E1,2.014345E2,-3.393494E2,5.922005E2,1.272138E1,1.658686E2,-2.578608E2
1.859876E1,-4.331651E2,-4.255546E1,-3.947232E2,-1.657050E2,-1.012667E2,-3.710677E2,3.718748E2,-2.942708E2,9.891634E1,1.002800E2,1.337377E2,-7.854527E1,2.016487E2,-3.411617E2,5.913877E2,1.278029E1,1.655867E2,-2.571118E2
1.866542E1,-4.340170E2,-4.294255E1,-3.941986E2,-1.659476E2,-1.027899E2,-3.712783E2,3.719120E2,-2.981982E2,1.006993E2,1.009247E2,1.335213E2,-7.844846E1,2.019760E2,-3.409478E2,5.931774E2,1.082336E1,1.641993E2,-2.575518E2
1.873208E1,-4.318625E2,-4.139748E1,-3.930072E2,-1.674546E2,-1.023445E2,-3.693382E2,3.700638E2,-2.961474E2,1.013519E2,9.940523E1,1.332727E2,-7.845444E1,2.004980E2,-3.410742E2,5.938732E2,9.222971E0,1.637130E2,-2.575183E2
1.879875E1,-4.322191E2,-4.264459E1,-3.932810E2,-1.685089E2,-1.022596E2,-3.691795E2,3.700134E2,-2.959548E2,1.028312E2,1.000776E2,1.335687E2,-7.861132E1,1.986772E2,-3.391798E2,5.933433E2,8.881129E0,1.640117E2,-2.577056E2
1.886541E1,-4.318546E2,-4.413345E1,-3.934267E2,-1.710810E2,-1.018624E2,-3.691242E2,3.696492E2,-2.963634E2,1.027701E2,9.963102E1,1.342044E2,-7.808391E1,2.000999E2,-3.365958E2,5.934144E2,8.834014E0,1.626113E2,-2.573714E2
1.893207E1,-4.324939E2,-4.365378E1,-3.953743E2,-1.704378E2,-1.006587E2,-3.709151E2,3.721495E2,-2.977526E2,1.028171E2,9.853901E1,1.345248E2,-7.842910E1,2.021392E2,-3.365773E2,5.957151E2,7.277686E0,1.651960E2,-2.588678E2
1.899873E1,-4.323747E2,-4.174586E1,-3.953691E2,-1.703005E2,-1.009880E2,-3.705714E2,3.720189E2,-2.979995E2,1.049431E2,9.837770E1,1.347900E2,-7.805848E1,2.028600E2,-3.370202E2,5.958675E2,7.252315E0,1.669091E2,-2.590422E2
1.906540E1,-4.319798E2,-4.187123E1,-3.955845E2,-1.705456E2,-1.003636E2,-3.708798E2,3.718986E2,-2.999909E2,1.049195E2,9.873645E1,1.345127E2,-7.865617E1,2.130000E2,-3.525000E2,5.936622E2,8.882889E0,1.678705E2,-2.573377E2
1.913206E1,-4.338761E2,-4.228319E1,-3.953112E2,-1.707230E2,-1.014297E2,-3.707604E2,3.685000E2,-3.065000E2,1.053443E2,9.746562E1,1.338092E2,-7.868195E1,2.152372E2,-3.506875E2,5.938566E2,9.189482E0,1.674196E2,-2.558624E2
1.919872E1,-4.338383E2,-4.198236E1,-3.950407E2,-1.708681E2,-1.013702E2,-3.702851E2,3.688501E2,-3.064882E2,1.055007E2,9.725849E1,1.337983E2,-7.849410E1,2.173589E2,-3.500319E2,5.951217E2,9.242613E0,1.670588E2,-2.554188E2
1.926538E1,-4.340885E2,-4.369572E1,-3.936890E2,-1.686297E2,-1.008746E2,-3.691621E2,3.680326E2,-3.062859E2,1.075226E2,9.692453E1,1.332950E2,-7.872336E1,2.174306E2,-3.506439E2,5.954066E2,8.969964E0,1.669749E2,-2.572650E2
1.933204E1,-4.339947E2,-4.591649E1,-3.923089E2,-1.668952E2,-1.003825E2,-3.694580E2,3.685000E2,-3.005000E2,1.078088E2,9.548747E1,1.335962E2,-7.826699E1,2.164434E2,-3.520048E2,5.956667E2,8.963292E0,1.672411E2,-2.583605E2
1.939871E1,-4.343850E2,-4.557091E1,-3.925597E2,-1.647908E2,-1.007489E2,-3.686852E2,3.688597E2,-3.006562E2,1.075067E2,9.469862E1,1.330848E2,-7.827670E1,2.161957E2,-3.520681E2,5.956964E2,7.130067E0,1.673728E2,-2.588817E2
1.946537E1,-4.338017E2,-4.622806E1,-3.926558E2,-1.640215E2,-1.005779E2,-3.678598E2,3.685000E2,-3.005000E2,1.077472E2,9.510262E1,1.334773E2,-7.866761E1,2.158679E2,-3.525645E2,5.952387E2,6.753401E0,1.669005E2,-2.584686E2
1.953203E1,-4.340648E2,-4.589188E1,-3.925891E2,-1.647806E2,-1.000899E2,-3.671337E2,3.685000E2,-3.005000E2,1.081124E2,9.484143E1,1.334480E2,-7.807907E1,2.148544E2,-3.527315E2,5.948794E2,8.870244E0,1.670792E2,-2.583186E2
1.959869E1,-4.316501E2,-4.441011E1,-3.917232E2,-1.646071E2,-9.873065E1,-3.681167E2,3.683761E2,-3.004261E2,1.076778E2,9.454160E1,1.334862E2,-7.824182E1,2.150734E2,-3.525833E2,5.925446E2,6.682795E0,1.690052E2,-2.586148E2
1.966536E1,-4.300079E2,-4.524921E1,-3.911260E2,-1.649765E2,-9.804269E1,-3.683923E2,3.683144E2,-3.004822E2,9.700000E1,9.700000E1,1.336742E2,-7.880166E1,2.152768E2,-3.521630E2,5.936374E2,4.272577E0,1.688434E2,-2.585573E2
1.973202E1,-4.299201E2,-4.527435E1,-3.919666E2,-1.644528E2,-9.756079E1,-3.691501E2,3.650000E2,-3.080000E2,9.624946E1,9.703962E1,1.336295E2,-7.858971E1,2.150167E2,-3.531724E2,5.933602E2,3.884679E0,1.707596E2,-2.572411E2
1.979868E1,-4.302570E2,-4.494856E1,-3.912119E2,-1.647453E2,-9.778946E1,-3.692853E2,3.647309E2,-3.077279E2,9.553203E1,9.667190E1,1.336261E2,-7.855105E1,2.130017E2,-3.528369E2,5.935995E2,2.022327E0,1.716674E2,-2.555087E2
1.986534E1,-4.310242E2,-4.506017E1,-3.923839E2,-1.662802E2,-9.740935E1,-3.696839E2,3.632174E2,-3.078360E2,9.571575E1,9.667933E1,1.334655E2,-7.842475E1,2.146143E2,-3.527088E2,5.935567E2,2.378083E0,1.721576E2,-2.557445E2
1.993200E1,-4.310119E2,-4.500949E1,-3.940501E2,-1.668543E2,-9.772726E1,-3.692660E2,3.619098E2,-3.070127E2,9.613145E1,9.693519E1,1.338321E2,-7.851651E1,2.151791E2,-3.522486E2,5.913730E2,1.798874E0,1.720001E2,-2.551219E2
1.999867E1,-4.312241E2,-4.510240E1,-3.945988E2,-1.674617E2,-1.055000E2,-3.725000E2,3.610000E2,-3.070000E2,9.621643E1,9.841207E1,1.333891E2,-7.827932E1,2.153560E2,-3.522717E2,5.918153E2,1.478625E-1,1.721189E2,-2.555947E2
2.006533E1,-4.348355E2,-4.490452E1,-3.956839E2,-1.675038E2,-1.050628E2,-3.738555E2,3.585000E2,-3.155000E2,9.410967E1,9.924067E1,1.334770E2,-7.880682E1,2.152392E2,-3.541520E2,5.916114E2,1.029082E-1,1.717497E2,-2.546744E2
2.013199E1,-4.348663E2,-4.510988E1,-3.957496E2,-1.675751E2,-1.056903E2,-3.738924E2,3.572025E2,-3.154076E2,9.377281E1,9.876689E1,1.336226E2,-7.841867E1,2.152349E2,-3.544115E2,5.912325E2,-2.102423E-1,1.735151E2,-2.544565E2
2.019865E1,-4.350819E2,-4.461314E1,-3.949137E2,-1.674296E2,-1.073884E2,-3.748118E2,3.580806E2,-3.135718E2,9.371492E1,9.902823E1,1.330124E2,-7.894193E1,2.151031E2,-3.546418E2,5.916035E2,2.209021E-1,1.723248E2,-2.544090E2
2.026532E1,-4.377298E2,-4.465452E1,-3.941466E2,-1.676893E2,-1.069835E2,-3.731511E2,3.586659E2,-3.154284E2,9.439412E1,9.997391E1,1.354953E2,-8.037501E1,2.160939E2,-3.564574E2,5.915085E2,2.354684E-2,1.711041E2,-2.542336E2
2.033198E1,-4.335000E2,-4.950000E1,-3.938685E2,-1.675826E2,-1.063644E2,-3.739270E2,3.586203E2,-3.158422E2,9.361454E1,9.918749E1,1.355911E2,-8.049756E1,2.157672E2,-3.565921E2,5.913277E2,-1.793125E-1,1.712870E2,-2.529660E2
2.039864E1,-4.337320E2,-4.904540E1,-3.936001E2,-1.676327E2,-1.064907E2,-3.735966E2,3.584509E2,-3.153824E2,9.402529E1,9.867833E1,1.356796E2,-8.017180E1,2.138873E2,-3.557305E2,5.912195E2,-1.345238E-1,1.705556E2,-2.521201E2
2.046530E1,-4.352991E2,-4.962658E1,-3.935747E2,-1.674024E2,-1.058672E2,-3.731065E2,3.584557E2,-3.157905E2,9.389772E1,9.914217E1,1.352764E2,-8.072224E1,2.159110E2,-3.574345E2,5.919035E2,1.201936E0,1.708495E2,-2.526366E2
2.053196E1,-4.340000E2,-4.500000E1,-3.936917E2,-1.676576E2,-1.056520E2,-3.742348E2,3.603348E2,-3.138576E2,9.681411E1,9.801287E1,1.353084E2,-8.065191E1,2.160554E2,-3.574247E2,5.912364E2,9.674953E-1,1.710873E2,-2.523079E2
2.059863E1,-4.320965E2,-4.509124E1,-3.934672E2,-1.675685E2,-1.038852E2,-3.757013E2,3.606284E2,-3.152746E2,9.743998E1,9.803977E1,1.356378E2,-8.047393E1,2.159183E2,-3.568128E2,5.918083E2,1.122114E0,1.709576E2,-2.525840E2
2.066529E1,-4.294370E2,-4.630191E1,-3.949706E2,-1.681321E2,-1.037218E2,-3.774141E2,3.606836E2,-3.159804E2,9.710210E1,9.796836E1,1.354017E2,-8.056134E1,2.159922E2,-3.562072E2,5.918177E2,3.077361E0,1.697013E2,-2.512696E2
2.073195E1,-4.306991E2,-4.791645E1,-3.945472E2,-1.684845E2,-1.033088E2,-3.778790E2,3.606679E2,-3.155954E2,9.729917E1,9.889828E1,1.352335E2,-8.072544E1,2.160430E2,-3.562136E2,5.912781E2,2.838892E0,1.700952E2,-2.513230E2
2.079861E1,-4.313920E2,-4.843138E1,-3.946663E2,-1.681978E2,-1.031177E2,-3.777564E2,3.609860E2,-3.177203E2,9.541552E1,1.009768E2,1.334744E2,-8.069229E1,2.173933E2,-3.554693E2,5.904236E2,4.132812E0,1.697758E2,-2.495219E2
2.086528E1,-4.306593E2,-4.998224E1,-3.943299E2,-1.685514E2,-1.052630E2,-3.772714E2,3.610000E2,-3.215000E2,9.511043E1,9.991473E1,1.333136E2,-8.076345E1,2.168360E2,-3.553918E2,5.900238E2,5.595203E0,1.721623E2,-2.479015E2
2.093194E1,-4.310730E2,-5.141889E1,-3.941475E2,-1.688832E2,-1.052368E2,-3.777535E2,3.606618E2,-3.212760E2,9.498887E1,1.016819E2,1.331756E2,-8.059354E1,2.171748E2,-3.565611E2,5.884687E2,4.103792E0,1.718946E2,-2.490254E2
2.099860E1,-4.318466E2,-5.238774E1,-3.941864E2,-1.688766E2,-1.151822E2,-3.856524E2,3.611265E2,-3.218007E2,9.662841E1,1.000496E2,1.375000E2,-7.000000E1,2.168365E2,-3.566164E2,5.885876E2,4.116353E0,1.724333E2,-2.498385E2
2.106526E1,-4.317171E2,-5.191168E1,-3.944077E2,-1.681998E2,-1.157102E2,-3.857044E2,3.613233E2,-3.234659E2,9.725248E1,9.990840E1,1.373820E2,-7.017937E1,2.193706E2,-3.565937E2,5.867221E2,2.880210E0,1.719914E2,-2.496991E2
2.113192E1,-4.321846E2,-5.227134E1,-3.943719E2,-1.684362E2,-1.158579E2,-3.844240E2,3.604280E2,-3.233807E2,9.724641E1,1.001624E2,1.376955E2,-6.997737E1,2.186937E2,-3.559914E2,5.861602E2,2.997160E0,1.719443E2,-2.477890E2
2.119859E1,-4.293448E2,-5.232710E1,-3.946109E2,-1.692248E2,-1.171299E2,-3.846156E2,3.610406E2,-3.238502E2,9.748650E1,1.003633E2,1.375882E2,-7.020995E1,2.190132E2,-3.552657E2,5.872811E2,3.244294E0,1.719974E2,-2.473322E2
2.126525E1,-4.291557E2,-5.177963E1,-3.947693E2,-1.680171E2,-1.174795E2,-3.843041E2,3.626794E2,-3.241407E2,9.678733E1,9.824744E1,1.379246E2,-6.986751E1,2.193955E2,-3.570928E2,5.873692E2,3.614054E0,1.721481E2,-2.475859E2
2.133191E1,-4.310508E2,-5.038442E1,-3.942673E2,-1.673440E2,-1.174670E2,-3.847159E2,3.643059E2,-3.265351E2,9.620819E1,9.795827E1,1.390451E2,-7.000608E1,2.192657E2,-3.583654E2,5.892284E2,5.619028E0,1.723090E2,-2.459761E2
2.139857E1,-4.327939E2,-7.104418E1,-3.946256E2,-1.673760E2,-1.175327E2,-3.846146E2,3.641546E2,-3.273157E2,9.569674E1,9.799300E1,1.396621E2,-6.966722E1,2.187279E2,-3.586464E2,5.895005E2,5.789699E0,1.710815E2,-2.453805E2
2.146524E1,-4.327076E2,-7.118844E1,-3.968652E2,-1.673186E2,-1.191331E2,-3.845390E2,3.646171E2,-3.272727E2,9.477613E1,9.695087E1,1.395000E2,-6.800000E1,2.167882E2,-3.585494E2,5.892185E2,5.880874E0,1.711345E2,-2.456881E2
2.153190E1,-4.319568E2,-7.354534E1,-3.961736E2,-1.675565E2,-1.195810E2,-3.836244E2,3.647720E2,-3.290891E2,9.493027E1,9.747134E1,1.413808E2,-6.804957E1,2.167383E2,-3.584131E2,5.891689E2,5.510318E0,1.713748E2,-2.459441E2
2.159856E1,-4.322526E2,-7.420932E1,-3.945923E2,-1.676599E2,-1.174203E2,-3.846654E2,3.646290E2,-3.300674E2,9.642539E1,9.521762E1,1.429321E2,-6.693883E1,2.162226E2,-3.577154E2,5.891756E2,6.625807E0,1.710107E2,-2.463363E2
2.166522E1,-4.316674E2,-7.358255E1,-3.924524E2,-1.685578E2,-1.170482E2,-3.849390E2,3.648463E2,-3.287185E2,9.771986E1,9.378460E1,1.424174E2,-6.708355E1,2.151376E2,-3.564429E2,5.870535E2,6.824882E0,1.714384E2,-2.469721E2
2.173188E1,-4.321916E2,-7.452437E1,-3.922861E2,-1.687601E2,-1.177919E2,-3.843729E2,3.688927E2,-3.267480E2,1.008958E2,9.423608E1,1.416484E2,-6.619151E1,2.163988E2,-3.581294E2,5.871476E2,6.856500E0,1.703233E2,-2.461785E2
2.179855E1,-4.295443E2,-7.462161E1,-3.925069E2,-1.694672E2,-1.173003E2,-3.859194E2,3.688494E2,-3.261911E2,1.009276E2,9.340429E1,1.415378E2,-6.651584E1,2.176310E2,-3.603682E2,5.872468E2,6.918293E0,1.698780E2,-2.465807E2
2.186521E1,-4.285983E2,-7.466171E1,-3.940713E2,-1.715804E2,-1.171977E2,-3.859334E2,3.690929E2,-3.261357E2,1.002296E2,9.236382E1,1.415074E2,-6.722338E1,2.161824E2,-3.626994E2,5.878296E2,7.314331E0,1.707945E2,-2.466147E2
2.193187E1,-4.088132E2,-5.709259E1,-3.942297E2,-1.713067E2,-1.194689E2,-3.847643E2,3.535000E2,-3.235000E2,9.977641E1,9.163653E1,1.416971E2,-6.676667E1,2.162895E2,-3.624008E2,5.875511E2,6.996474E0,1.727768E2,-2.480531E2
2.199853E1,-4.285000E2,-7.000000E1,-3.946573E2,-1.715895E2,-1.177662E2,-3.844051E2,3.514790E2,-3.217981E2,9.995119E1,9.192210E1,1.395770E2,-6.696429E1,2.161097E2,-3.627772E2,5.893835E2,5.668709E0,1.745000E2,-2.470000E2
2.206520E1,-4.286085E2,-7.304864E1,-3.944619E2,-1.713348E2,-1.159388E2,-3.843617E2,3.496606E2,-3.204496E2,9.830638E1,9.317801E1,1.397130E2,-6.584266E1,2.159366E2,-3.624388E2,5.896445E2,7.001823E0,1.725218E2,-2.464884E2
2.213186E1,-4.278682E2,-7.336160E1,-3.939348E2,-1.715744E2,-1.151777E2,-3.850795E2,3.495155E2,-3.201878E2,9.638247E1,9.276958E1,1.399743E2,-6.623798E1,2.163360E2,-3.621653E2,5.915465E2,7.223065E0,1.744298E2,-2.443795E2
2.219852E1,-4.271497E2,-7.253009E1,-3.953214E2,-1.734803E2,-1.152447E2,-3.856453E2,3.495918E2,-3.201686E2,9.532630E1,9.282423E1,1.383913E2,-6.670816E1,2.158495E2,-3.623954E2,6.015000E2,-1.000000E0,1.745359E2,-2.438888E2
2.226518E1,-4.285974E2,-7.321384E1,-3.955302E2,-1.750890E2,-1.152922E2,-3.856106E2,3.493855E2,-3.188150E2,9.422697E1,9.211224E1,1.385671E2,-6.657477E1,2.142955E2,-3.646099E2,6.038010E2,-7.041720E-1,1.745378E2,-2.442380E2
2.233184E1,-4.287463E2,-7.312956E1,-3.951075E2,-1.759447E2,-1.158469E2,-3.853812E2,3.495138E2,-3.185676E2,9.574864E1,9.022011E1,1.384165E2,-6.701738E1,2.138482E2,-3.640619E2,6.015628E2,2.245445E-1,1.734941E2,-2.427288E2
2.239851E1,-4.281993E2,-7.072333E1,-3.957348E2,-1.773453E2,-1.137817E2,-3.852295E2,3.493340E2,-3.193574E2,9.600912E1,8.807457E1,1.396826E2,-6.574150E1,2.136750E2,-3.634886E2,6.013552E2,-3.307350E-1,1.737148E2,-2.430595E2
2.246517E1,-4.306984E2,-7.323469E1,-3.954800E2,-1.780676E2,-1.096917E2,-3.834946E2,3.476866E2,-3.190025E2,9.635411E1,8.648908E1,1.395677E2,-6.511164E1,2.139499E2,-3.634530E2,6.014301E2,-2.670251E-2,1.716843E2,-2.414813E2
2.253183E1,-4.306541E2,-7.308218E1,-3.969606E2,-1.783263E2,-1.093800E2,-3.841179E2,3.479035E2,-3.194806E2,9.730757E1,8.375731E1,1.389434E2,-6.594224E1,2.144347E2,-3.637379E2,6.032178E2,-3.498046E0,1.696891E2,-2.407081E2
2.259849E1,-4.307724E2,-7.332199E1,-3.966332E2,-1.796808E2,-1.096020E2,-3.844481E2,3.474039E2,-3.201113E2,9.765499E1,8.156609E1,1.379666E2,-6.634111E1,2.126273E2,-3.623054E2,6.035249E2,-2.951142E0,1.693533E2,-2.408330E2
2.266516E1,-4.302850E2,-7.580379E1,-3.968784E2,-1.793129E2,-1.095668E2,-3.842113E2,3.471107E2,-3.208847E2,9.800967E1,8.176013E1,1.354374E2,-6.586867E1,2.129832E2,-3.628272E2,6.035461E2,-2.954140E0,1.718100E2,-2.406166E2
2.273182E1,-4.307625E2,-7.638190E1,-3.961510E2,-1.815102E2,-1.105417E2,-3.842383E2,3.472341E2,-3.227306E2,9.823419E1,8.193907E1,1.356918E2,-6.591048E1,2.137140E2,-3.633058E2,6.019049E2,-5.873491E-1,1.725000E2,-2.450000E2
2.279848E1,-4.302869E2,-7.547602E1,-3.968826E2,-1.812381E2,-1.106945E2,-3.845320E2,3.471413E2,-3.228814E2,9.886371E1,8.278026E1,1.355582E2,-6.631474E1,2.138369E2,-3.635417E2,6.014841E2,8.580044E-1,1.720791E2,-2.449256E2
2.286514E1,-4.302655E2,-7.466943E1,-3.964469E2,-1.810848E2,-1.080574E2,-3.848961E2,3.485409E2,-3.224276E2,9.920213E1,8.467580E1,1.353379E2,-6.716509E1,2.139231E2,-3.631115E2,5.994050E2,9.194953E-1,1.733570E2,-2.454354E2
2.293180E1,-4.302503E2,-7.480649E1,-3.955778E2,-1.816142E2,-1.085154E2,-3.846997E2,3.482957E2,-3.218700E2,9.904880E1,8.482522E1,1.356238E2,-6.706086E1,2.141282E2,-3.634800E2,6.018572E2,3.283787E0,1.726423E2,-2.449730E2
2.299847E1,-4.306836E2,-7.453701E1,-3.953948E2,-1.817230E2,-1.087637E2,-3.825578E2,3.483625E2,-3.216524E2,9.904147E1,8.474234E1,1.359247E2,-6.690661E1,2.140681E2,-3.644433E2,5.995511E2,5.012602E0,1.725579E2,-2.449171E2
2.306513E1,-4.282390E2,-7.497244E1,-3.958104E2,-1.823097E2,-1.086581E2,-3.822653E2,3.483549E2,-3.216178E2,9.899830E1,8.490500E1,1.375000E2,-7.100000E1,2.142373E2,-3.657982E2,5.993086E2,3.030827E0,1.743261E2,-2.465492E2
2.313179E1,-4.280886E2,-7.476172E1,-3.961420E2,-1.825123E2,-1.056774E2,-3.823494E2,3.484860E2,-3.235659E2,9.795380E1,8.403996E1,1.373619E2,-7.090868E1,2.160060E2,-3.655506E2,5.992668E2,1.681159E0,1.723861E2,-2.485745E2
2.319845E1,-4.281584E2,-7.370319E1,-3.973588E2,-1.824732E2,-1.070105E2,-3.846681E2,3.494418E2,-3.232516E2,9.978790E1,8.306715E1,1.396734E2,-7.085283E1,2.164817E2,-3.656175E2,5.997025E2,1.496750E0,1.690000E2,-2.460000E2
2.326512E1,-4.281890E2,-7.401295E1,-3.973737E2,-1.827839E2,-1.074922E2,-3.848153E2,3.498601E2,-3.250480E2,9.986702E1,8.304460E1,1.399183E2,-7.091108E1,2.157817E2,-3.651411E2,5.996390E2,1.162078E0,1.688015E2,-2.457744E2
2.333178E1,-4.283183E2,-7.351308E1,-3.972839E2,-1.846197E2,-1.073297E2,-3.845625E2,3.493586E2,-3.253911E2,1.001559E2,8.405404E1,1.385537E2,-7.077833E1,2.161632E2,-3.658594E2,5.976970E2,1.127627E0,1.687652E2,-2.458222E2
2.339844E1,-4.285953E2,-7.421494E1,-3.973120E2,-1.852474E2,-1.069229E2,-3.848772E2,3.492769E2,-3.256846E2,9.997985E1,8.409027E1,1.374414E2,-7.206331E1,2.160997E2,-3.654788E2,5.973275E2,1.669618E0,1.691600E2,-2.449261E2
2.346510E1,-4.281472E2,-7.364895E1,-3.976791E2,-1.855256E2,-1.068879E2,-3.841986E2,3.493722E2,-3.256647E2,9.910597E1,8.421760E1,1.371792E2,-7.189422E1,2.160405E2,-3.645299E2,5.962825E2,1.844172E0,1.645000E2,-2.475000E2
2.353176E1,-4.274360E2,-7.389470E1,-3.990688E2,-1.853263E2,-1.075541E2,-3.865364E2,3.497402E2,-3.252043E2,9.896820E1,8.371731E1,1.371852E2,-7.239717E1,2.163988E2,-3.649741E2,5.966348E2,1.310353E-1,1.636912E2,-2.498730E2
2.359843E1,-4.273646E2,-7.430312E1,-3.976133E2,-1.854950E2,-1.095432E2,-3.847943E2,3.492433E2,-3.257187E2,1.000290E2,8.316093E1,1.376081E2,-7.171844E1,2.161495E2,-3.645725E2,5.982880E2,-2.219334E-2,1.632914E2,-2.494045E2
2.366509E1,-4.271641E2,-7.378795E1,-3.965970E2,-1.856831E2,-1.091633E2,-3.849023E2,3.508077E2,-3.254738E2,9.994258E1,8.295286E1,1.394580E2,-7.195383E1,2.161813E2,-3.645314E2,5.981520E2,1.706887E0,1.633541E2,-2.494480E2
2.373175E1,-4.272495E2,-7.404196E1,-3.966188E2,-1.842135E2,-1.090868E2,-3.828328E2,3.505718E2,-3.260254E2,9.904614E1,8.463354E1,1.397214E2,-7.182020E1,2.162064E2,-3.647553E2,5.983038E2,1.819842E0,1.650489E2,-2.500582E2
2.379841E1,-4.225000E2,-7.750000E1,-3.965192E2,-1.839929E2,-1.095713E2,-3.823376E2,3.507295E2,-3.264249E2,1.011851E2,8.537080E1,1.395000E2,-6.800000E1,2.158285E2,-3.644020E2,5.987319E2,4.072756E0,1.652542E2,-2.501477E2
2.386508E1,-4.225581E2,-7.671540E1,-3.984859E2,-1.853289E2,-1.080824E2,-3.828807E2,3.503623E2,-3.265239E2,1.026681E2,8.381006E1,1.406306E2,-6.796652E1,2.166257E2,-3.652185E2,5.989422E2,4.251641E0,1.655911E2,-2.505158E2
2.393174E1,-4.225000E2,-7.750000E1,-3.983477E2,-1.865199E2,-1.083309E2,-3.828486E2,3.505738E2,-3.265191E2,1.030334E2,8.377065E1,1.405484E2,-6.770713E1,2.166317E2,-3.672576E2,5.996737E2,5.918890E0,1.653311E2,-2.503466E2
2.399840E1,-4.223143E2,-7.738281E1,-4.005304E2,-1.872734E2,-1.084089E2,-3.826443E2,3.517050E2,-3.252914E2,1.029513E2,8.428145E1,1.406179E2,-6.847715E1,2.171342E2,-3.685220E2,5.995210E2,5.909079E0,1.654657E2,-2.505354E2
2.406506E1,-4.223768E2,-7.951090E1,-3.995419E2,-1.874852E2,-1.091006E2,-3.827787E2,3.514426E2,-3.235305E2,1.031863E2,8.425891E1,1.402279E2,-6.829331E1,2.189558E2,-3.685154E2,5.970389E2,5.578524E0,1.658844E2,-2.514752E2
2.413172E1,-4.205986E2,-8.138003E1,-3.978308E2,-1.874679E2,-1.093272E2,-3.834368E2,3.533216E2,-3.252039E2,1.017816E2,8.462792E1,1.392578E2,-6.777897E1,2.187782E2,-3.683406E2,5.970910E2,5.550273E0,1.659441E2,-2.516392E2
2.419839E1,-4.226305E2,-8.346276E1,-3.980138E2,-1.875880E2,-1.095218E2,-3.836464E2,3.534428E2,-3.259481E2,1.012785E2,8.488013E1,1.397187E2,-6.789472E1,2.191044E2,-3.704053E2,5.972004E2,4.562695E0,1.653391E2,-2.498988E2
2.426505E1,-4.222755E2,-8.343471E1,-4.006173E2,-1.873628E2,-1.113168E2,-3.854599E2,3.536015E2,-3.255928E2,1.005027E2,8.453194E1,1.392778E2,-6.807041E1,2.189370E2,-3.703714E2,5.952228E2,2.844731E0,1.640000E2,-2.565000E2
2.433171E1,-4.215000E2,-8.200000E1,-3.991464E2,-1.856315E2,-1.115822E2,-3.861466E2,3.537870E2,-3.254241E2,1.021216E2,8.285123E1,1.424022E2,-6.894531E1,2.190930E2,-3.705678E2,5.955521E2,2.771342E0,1.640810E2,-2.561257E2
2.439837E1,-4.218517E2,-8.241416E1,-3.994755E2,-1.852709E2,-1.116393E2,-3.861029E2,3.538602E2,-3.254206E2,1.020461E2,8.254672E1,1.422423E2,-6.936256E1,2.185817E2,-3.705891E2,5.973637E2,5.004806E0,1.660735E2,-2.552961E2
2.446504E1,-4.200513E2,-8.084739E1,-3.994608E2,-1.858923E2,-1.116022E2,-3.865132E2,3.485000E2,-3.110000E2,1.021005E2,8.288564E1,1.415192E2,-6.843630E1,2.191738E2,-3.688394E2,5.979645E2,5.835297E0,1.661320E2,-2.555838E2
2.453170E1,-4.205170E2,-8.247811E1,-3.993354E2,-1.853658E2,-1.134147E2,-3.838279E2,3.488077E2,-3.113954E2,1.021170E2,8.312249E1,1.413229E2,-6.758144E1,2.189402E2,-3.677834E2,5.971868E2,5.298544E0,1.659555E2,-2.552435E2
2.459836E1,-4.215000E2,-8.200000E1,-4.015773E2,-1.860301E2,-1.135279E2,-3.838362E2,3.489645E2,-3.112171E2,1.022296E2,8.373558E1,1.418481E2,-6.701826E1,2.189823E2,-3.675587E2,5.974010E2,4.873679E0,1.657902E2,-2.556027E2
2.466502E1,-4.197552E2,-8.201371E1,-4.027958E2,-1.842817E2,-1.132411E2,-3.835218E2,3.488560E2,-3.114144E2,1.020000E2,8.150000E1,1.415668E2,-6.710918E1,2.185573E2,-3.680039E2,5.987797E2,6.724320E0,1.677278E2,-2.557318E2
2.473168E1,-4.215780E2,-8.196550E1,-4.022971E2,-1.829196E2,-1.136831E2,-3.823039E2,3.500000E2,-3.210000E2,1.018693E2,8.183530E1,1.415758E2,-6.694209E1,2.190059E2,-3.684959E2,6.000594E2,6.955992E0,1.687904E2,-2.556690E2
2.479835E1,-4.225000E2,-8.700000E1,-4.022144E2,-1.835324E2,-1.134423E2,-3.825166E2,3.500773E2,-3.211227E2,1.019644E2,8.147917E1,1.414520E2,-6.710061E1,2.185828E2,-3.705458E2,6.008198E2,7.048599E0,1.701460E2,-2.551786E2
2.486501E1,-4.207003E2,-8.914393E1,-4.023301E2,-1.841038E2,-1.133860E2,-3.827757E2,3.497828E2,-3.211138E2,1.020834E2,8.201909E1,1.414986E2,-6.656666E1,2.190683E2,-3.704815E2,6.012627E2,8.166513E0,1.702329E2,-2.555866E2
2.493167E1,-4.186585E2,-8.696744E1,-4.023854E2,-1.849141E2,-1.136255E2,-3.826192E2,3.500831E2,-3.226071E2,1.016329E2,8.030444E1,1.416394E2,-6.690356E1,2.190862E2,-3.703219E2,6.009468E2,9.936567E0,1.679429E2,-2.555243E2
2.499833E1,-4.184528E2,-8.681967E1,-4.043472E2,-1.856385E2,-1.133663E2,-3.829589E2,3.519866E2,-3.247423E2,1.023255E2,7.998564E1,1.385000E2,-6.700000E1,2.191934E2,-3.708892E2,6.026927E2,8.365857E0,1.671799E2,-2.581300E2
2.506500E1,-4.187161E2,-8.637410E1,-4.026670E2,-1.845358E2,-1.134443E2,-3.828905E2,3.525949E2,-3.250736E2,1.019886E2,7.849189E1,1.381860E2,-6.876295E1,2.169373E2,-3.722094E2,6.105000E2,-1.500000E0,1.668635E2,-2.583440E2
2.513166E1,-4.222846E2,-8.413044E1,-4.027566E2,-1.841026E2,-1.136197E2,-3.825023E2,3.549568E2,-3.257075E2,1.018406E2,7.824499E1,1.400176E2,-6.889326E1,2.170568E2,-3.708429E2,6.100030E2,-1.806439E0,1.670649E2,-2.580216E2
2.519832E1,-4.222910E2,-8.424346E1,-4.022365E2,-1.848472E2,-1.132102E2,-3.826662E2,3.549704E2,-3.257803E2,1.022696E2,7.837764E1,1.385356E2,-6.878925E1,2.166613E2,-3.711328E2,6.101994E2,-1.771041E0,1.673216E2,-2.587452E2
2.526498E1,-4.207531E2,-8.299538E1,-4.027684E2,-1.843801E2,-1.168429E2,-3.840881E2,3.549061E2,-3.264433E2,1.019914E2,7.863619E1,1.385116E2,-7.034648E1,2.169579E2,-3.731852E2,6.105076E2,-1.417738E0,1.674201E2,-2.586869E2
2.533164E1,-4.212652E2,-8.289478E1,-4.024880E2,-1.830218E2,-1.168399E2,-3.852115E2,3.551960E2,-3.253910E2,1.033929E2,7.675182E1,1.382805E2,-6.943559E1,2.168811E2,-3.737383E2,6.105019E2,-1.551212E0,1.666092E2,-2.586372E2
2.539831E1,-4.212613E2,-8.284892E1,-4.015055E2,-1.833153E2,-1.156771E2,-3.863182E2,3.551170E2,-3.250571E2,1.041576E2,7.674875E1,1.388217E2,-6.907043E1,2.170266E2,-3.731400E2,6.085914E2,4.453956E-1,1.669068E2,-2.589523E2
2.546497E1,-4.197698E2,-8.489921E1,-4.013765E2,-1.818897E2,-1.154161E2,-3.866412E2,3.552041E2,-3.245556E2,1.037295E2,7.631769E1,1.387512E2,-6.954147E1,2.174574E2,-3.729760E2,6.085924E2,5.517296E-1,1.672336E2,-2.583120E2
2.553163E1,-4.196513E2,-8.483317E1,-4.001801E2,-1.805548E2,-1.135258E2,-3.844540E2,3.551940E2,-3.248173E2,1.037007E2,7.648874E1,1.387491E2,-6.994517E1,2.173915E2,-3.725225E2,6.065009E2,4.041701E-1,1.666245E2,-2.589261E2
2.559829E1,-4.187031E2,-8.609975E1,-4.009255E2,-1.794530E2,-1.150053E2,-3.866108E2,3.547423E2,-3.252078E2,1.039114E2,7.623599E1,1.385456E2,-7.014624E1,2.173919E2,-3.728323E2,6.061947E2,2.113208E-1,1.681271E2,-2.581313E2
2.566496E1,-4.194554E2,-8.687056E1,-4.003958E2,-1.791309E2,-1.159177E2,-3.861394E2,3.540951E2,-3.259893E2,1.037009E2,7.609276E1,1.374868E2,-7.110164E1,2.170558E2,-3.721655E2,6.086081E2,6.016857E-1,1.682269E2,-2.584969E2
2.573162E1,-4.164737E2,-8.661528E1,-4.018367E2,-1.792465E2,-1.137187E2,-3.863176E2,3.529059E2,-3.281899E2,1.039248E2,7.617659E1,1.374067E2,-6.937523E1,2.166136E2,-3.734079E2,6.083212E2,3.350203E-1,1.667817E2,-2.583864E2
2.579828E1,-4.148064E2,-8.725906E1,-3.977898E2,-1.776918E2,-1.147836E2,-3.843106E2,3.529806E2,-3.279441E2,1.041285E2,7.648791E1,1.379144E2,-6.881311E1,2.169199E2,-3.735836E2,6.106306E2,6.920716E-1,1.668529E2,-2.584174E2
2.586494E1,-4.148865E2,-8.735086E1,-3.975001E2,-1.773865E2,-1.147164E2,-3.843459E2,3.533918E2,-3.276407E2,1.037394E2,7.665592E1,1.375086E2,-6.910922E1,2.170695E2,-3.753004E2,6.121597E2,5.424348E-1,1.670255E2,-2.584685E2
2.593160E1,-4.143633E2,-8.815777E1,-3.979965E2,-1.785933E2,-1.142294E2,-3.848709E2,3.585000E2,-3.350000E2,8.650000E1,7.800000E1,1.372112E2,-6.934725E1,2.170692E2,-3.735530E2,6.140781E2,5.081480E-1,1.669086E2,-2.588350E2
2.599827E1,-4.146316E2,-8.839616E1,-3.982948E2,-1.796278E2,-1.149872E2,-3.822294E2,3.584535E2,-3.351741E2,8.661575E1,7.777189E1,1.375920E2,-6.960243E1,2.165689E2,-3.736690E2,6.144358E2,4.316908E-1,1.669641E2,-2.586985E2
2.606493E1,-4.143321E2,-8.762836E1,-3.986196E2,-1.792917E2,-1.147241E2,-3.827309E2,3.603506E2,-3.351936E2,8.639718E1,7.814774E1,1.374916E2,-6.982302E1,2.117294E2,-3.735853E2,6.147938E2,6.979178E-1,1.660735E2,-2.580916E2
2.613159E1,-4.142503E2,-8.778514E1,-4.001158E2,-1.782242E2,-1.175278E2,-3.831137E2,3.608284E2,-3.345316E2,8.631234E1,7.801148E1,1.372693E2,-6.990553E1,2.118505E2,-3.736496E2,6.164542E2,6.406067E-1,1.689505E2,-2.586483E2
2.619825E1,-4.147214E2,-8.852778E1,-3.987097E2,-1.783692E2,-1.178209E2,-3.833951E2,3.550000E2,-3.245000E2,8.677105E1,7.735808E1,1.372738E2,-6.988090E1,2.121504E2,-3.734277E2,6.167558E2,-2.635648E-1,1.689335E2,-2.582160E2
2.626492E1,-4.146078E2,-9.019556E1,-4.001543E2,-1.767961E2,-1.171090E2,-3.835959E2,3.553462E2,-3.241528E2,8.654971E1,7.740526E1,1.380811E2,-6.975796E1,2.121979E2,-3.734558E2,6.129000E2,-5.648982E-1,1.689416E2,-2.589483E2
2.633158E1,-4.146818E2,-9.044187E1,-4.001007E2,-1.759931E2,-1.173903E2,-3.836088E2,3.560136E2,-3.232929E2,8.603171E1,7.725402E1,1.374439E2,-7.099990E1,2.117947E2,-3.736061E2,6.106220E2,-4.927728E-1,1.698514E2,-2.583505E2
2.639824E1,-4.143107E2,-8.983405E1,-4.005982E2,-1.752232E2,-1.176350E2,-3.833070E2,3.577803E2,-3.255621E2,8.644008E1,7.696772E1,1.373534E2,-7.120576E1,2.120458E2,-3.733373E2,6.085924E2,-5.294346E-1,1.691100E2,-2.580225E2
2.646490E1,-4.144475E2,-8.993787E1,-4.032033E2,-1.752759E2,-1.173984E2,-3.835359E2,3.580911E2,-3.254898E2,8.662868E1,7.669511E1,1.355000E2,-7.100000E1,2.111522E2,-3.735136E2,6.081563E2,-8.107979E-1,1.687169E2,-2.597947E2
2.653156E1,-4.143978E2,-8.939255E1,-4.036063E2,-1.754737E2,-1.172328E2,-3.816294E2,3.600016E2,-3.260669E2,8.587807E1,7.685527E1,1.344243E2,-7.103304E1,2.150000E2,-3.765000E2,6.087972E2,-3.230360E-1,1.692595E2,-2.590423E2
2.659823E1,-4.143230E2,-8.917255E1,-4.034723E2,-1.754012E2,-1.171732E2,-3.816548E2,3.603147E2,-3.280355E2,8.548645E1,7.571817E1,1.351673E2,-7.101593E1,2.174693E2,-3.762901E2,6.081644E2,-6.918459E-1,1.688653E2,-2.598869E2
2.666489E1,-4.147794E2,-8.878858E1,-4.035975E2,-1.734399E2,-1.192457E2,-3.811246E2,3.604051E2,-3.281516E2,8.369598E1,7.621996E1,1.373068E2,-7.098413E1,2.143531E2,-3.765314E2,6.081255E2,-6.194279E-1,1.690018E2,-2.591480E2
2.673155E1,-4.125709E2,-8.771357E1,-4.038408E2,-1.732915E2,-1.197695E2,-3.811055E2,3.599703E2,-3.247635E2,8.266941E1,7.701230E1,1.373258E2,-7.110244E1,2.178958E2,-3.764274E2,6.101782E2,-4.245566E-1,1.673987E2,-2.588359E2
2.679821E1,-4.123077E2,-8.824168E1,-4.030491E2,-1.738818E2,-1.193733E2,-3.816335E2,3.597094E2,-3.249252E2,8.274869E1,7.476763E1,1.376807E2,-7.086972E1,2.184128E2,-3.761877E2,6.104426E2,-5.013952E-1,1.672294E2,-2.581878E2
2.686488E1,-4.127571E2,-8.753282E1,-4.034813E2,-1.734500E2,-1.197694E2,-3.810230E2,3.600415E2,-3.246559E2,8.391806E1,7.458725E1,1.371732E2,-7.127402E1,2.184695E2,-3.782600E2,6.108851E2,-2.537289E-1,1.666601E2,-2.594923E2
2.693154E1,-4.113872E2,-8.772249E1,-4.021758E2,-1.734163E2,-1.198041E2,-3.824946E2,3.620799E2,-3.262135E2,8.327211E1,7.474991E1,1.366737E2,-7.101914E1,2.179302E2,-3.805784E2,6.106742E2,-2.248552E-1,1.679379E2,-2.593193E2
2.699820E1,-4.072372E2,-8.992303E1,-4.000000E2,-1.745000E2,-1.200779E2,-3.825815E2,3.623572E2,-3.280189E2,8.100000E1,7.300000E1,1.349857E2,-7.073785E1,2.180859E2,-3.824293E2,6.085187E2,-7.031602E-1,1.699205E2,-2.599788E2
2.706486E1,-4.069905E2,-9.206009E1,-3.998723E2,-1.758633E2,-1.203691E2,-3.827721E2,3.617775E2,-3.288310E2,7.910654E1,7.111488E1,1.344345E2,-7.171463E1,2.179496E2,-3.824624E2,6.081101E2,-7.574322E-1,1.701453E2,-2.585656E2
2.713152E1,-4.064245E2,-9.124476E1,-4.000845E2,-1.757538E2,-1.189839E2,-3.830314E2,3.621247E2,-3.271136E2,7.913380E1,6.966292E1,1.353553E2,-7.400778E1,2.177254E2,-3.846816E2,6.115000E2,-4.000000E0,1.701486E2,-2.588056E2
2.719819E1,-4.062113E2,-9.068525E1,-3.999864E2,-1.754874E2,-1.181482E2,-3.823938E2,3.599528E2,-3.275220E2,8.063170E1,6.927577E1,1.354960E2,-7.397425E1,2.182905E2,-3.844044E2,6.095561E2,-4.209419E0,1.700415E2,-2.586634E2
2.726485E1,-4.068019E2,-9.143488E1,-4.000508E2,-1.742102E2,-1.120000E2,-3.885000E2,3.601412E2,-3.275375E2,8.093623E1,6.736774E1,1.356201E2,-7.388778E1,2.178549E2,-3.845149E2,6.095676E2,-3.726406E0,1.691386E2,-2.597029E2
2.733151E1,-4.080234E2,-9.004261E1,-3.975891E2,-1.744428E2,-1.121946E2,-3.894493E2,3.618962E2,-3.295782E2,8.184048E1,6.733214E1,1.353218E2,-7.242909E1,2.180365E2,-3.846628E2,6.097269E2,-3.957376E0,1.689628E2,-2.609369E2
2.739817E1,-4.108691E2,-9.122623E1,-3.996932E2,-1.762541E2,-1.140083E2,-3.895692E2,3.616754E2,-3.299184E2,8.239039E1,6.652718E1,1.380000E2,-7.200000E1,2.199583E2,-3.844175E2,6.100681E2,-3.805316E0,1.687225E2,-2.605847E2
2.746484E1,-4.104581E2,-9.122592E1,-4.012879E2,-1.765370E2,-1.127056E2,-3.879828E2,3.621394E2,-3.301436E2,8.154214E1,6.737391E1,1.383554E2,-7.161162E1,2.235847E2,-3.845554E2,6.109054E2,-2.673497E0,1.673396E2,-2.592062E2
2.753150E1,-4.085616E2,-9.306073E1,-4.010087E2,-1.766299E2,-1.127207E2,-3.875439E2,3.618147E2,-3.326698E2,8.158964E1,6.724649E1,1.363296E2,-6.977432E1,2.221225E2,-3.824118E2,6.104889E2,-2.958977E0,1.667738E2,-2.598785E2
2.759816E1,-4.085000E2,-6.850000E1,-4.021854E2,-1.773727E2,-1.117923E2,-3.875281E2,3.619916E2,-3.340144E2,8.236275E1,6.661315E1,1.352879E2,-6.991495E1,2.224826E2,-3.822487E2,6.103654E2,-1.177605E0,1.686972E2,-2.603730E2
2.766482E1,-4.081712E2,-6.777355E1,-4.024473E2,-1.775314E2,-1.105575E2,-3.859327E2,3.607394E2,-3.347688E2,8.220540E1,6.674946E1,1.350804E2,-6.969806E1,2.236066E2,-3.825605E2,6.083652E2,8.028136E-1,1.693232E2,-2.604866E2
2.773148E1,-4.072432E2,-6.717186E1,-4.009818E2,-1.757089E2,-1.225000E2,-3.895000E2,3.608274E2,-3.329803E2,8.192447E1,6.647604E1,1.351970E2,-6.982700E1,2.243704E2,-3.822034E2,6.082168E2,7.353008E-1,1.709387E2,-2.615158E2
2.779815E1,-4.087696E2,-6.823502E1,-4.030000E2,-1.800000E2,-1.229193E2,-3.895421E2,3.608253E2,-3.327413E2,8.145995E1,6.626083E1,1.350417E2,-6.985689E1,2.243596E2,-3.822940E2,6.104452E2,1.106842E0,1.708388E2,-2.615891E2
2.786481E1,-4.073016E2,-6.675221E1,-4.029435E2,-1.796655E2,-1.210880E2,-3.902440E2,3.607269E2,-3.326816E2,8.087195E1,6.589409E1,1.351707E2,-6.914495E1,2.233922E2,-3.825252E2,6.112627E2,1.059703E0,1.707128E2,-2.615328E2
2.793147E1,-4.091689E2,-6.662266E1,-4.026635E2,-1.813159E2,-1.218325E2,-3.907263E2,3.611942E2,-3.310401E2,8.112277E1,6.631423E1,1.349444E2,-6.900114E1,2.209524E2,-3.806837E2,6.115598E2,8.680697E-1,1.695758E2,-2.616236E2
2.799813E1,-4.095705E2,-6.645375E1,-4.026141E2,-1.813978E2,-1.212667E2,-3.901573E2,3.607133E2,-3.315336E2,8.105631E1,6.571050E1,1.347156E2,-6.940715E1,2.211607E2,-3.804296E2,6.125406E2,1.147496E0,1.702271E2,-2.615840E2
2.806480E1,-4.093436E2,-6.469458E1,-4.036025E2,-1.803120E2,-1.214270E2,-3.900940E2,3.598138E2,-3.319427E2,8.267181E1,6.602033E1,1.346955E2,-6.907664E1,2.270000E2,-3.855000E2,6.107871E2,1.060021E0,1.697157E2,-2.616118E2
2.813146E1,-4.105000E2,-6.950000E1,-4.027889E2,-1.802168E2,-1.213213E2,-3.902416E2,3.596513E2,-3.319510E2,8.298981E1,6.592114E1,1.350304E2,-6.916807E1,2.270693E2,-3.853402E2,6.085273E2,1.070639E0,1.700265E2,-2.611745E2
2.819812E1,-4.102252E2,-6.979179E1,-4.031962E2,-1.792717E2,-1.217202E2,-3.904680E2,3.584992E2,-3.311667E2,8.293653E1,6.627079E1,1.347087E2,-6.904646E1,2.269661E2,-3.853770E2,6.080722E2,7.293337E-1,1.708113E2,-2.613806E2
2.826478E1,-4.101990E2,-7.161919E1,-4.030188E2,-1.780227E2,-1.216401E2,-3.903365E2,3.559227E2,-3.298034E2,8.310425E1,6.615278E1,1.369522E2,-6.911809E1,2.268967E2,-3.856369E2,6.108049E2,1.331314E0,1.710287E2,-2.608823E2
2.833144E1,-4.097292E2,-6.981167E1,-4.024338E2,-1.789841E2,-1.208042E2,-3.895624E2,3.560394E2,-3.296152E2,8.220275E1,6.638186E1,1.380000E2,-6.900000E1,2.249686E2,-3.850977E2,6.103075E2,7.849513E-1,1.709006E2,-2.606648E2
2.839811E1,-4.075318E2,-6.747911E1,-4.022303E2,-1.793055E2,-1.204881E2,-3.887832E2,3.561376E2,-3.293970E2,8.196637E1,6.641743E1,1.381487E2,-6.896078E1,2.269156E2,-3.854650E2,6.104915E2,9.058323E-1,1.692742E2,-2.583062E2
2.846477E1,-4.073283E2,-6.719627E1,-4.018728E2,-1.789445E2,-1.199300E2,-3.873877E2,3.562983E2,-3.292582E2,8.199810E1,6.594350E1,1.380797E2,-6.896627E1,2.269041E2,-3.854061E2,6.108417E2,1.341463E0,1.668681E2,-2.586725E2
2.853143E1,-4.074775E2,-6.735985E1,-4.008190E2,-1.793338E2,-1.179368E2,-3.869632E2,3.564031E2,-3.290760E2,8.173473E1,6.692445E1,1.384425E2,-6.887778E1,2.330000E2,-3.845000E2,,,1.669627E2,-2.585819E2